20
GorGor_chrY_LOC129530238_19671638_nonP-closest-Q10B-at-60465_nonC_-       0.0000000 0.0119450 0.0201543 0.0159938 0.0079520 0.0120400 0.0119348 0.0200950 0.0079151 0.0160105 0.0118997 0.0325259 0.0118984 0.0161330 0.0200944 0.0324824 0.0368480 0.0538349 0.1758572 0.2749317 
GorGor_chrY_LOC129530249_25725362_nonP-closest-Q13A-at-289492_nonC_-      0.0119450 0.0000000 0.0161076 0.0119834 0.0120028 0.0161356 0.0079486 0.0160600 0.0039531 0.0119958 0.0079252 0.0284326 0.0160105 0.0202947 0.0160597 0.0283943 0.0327218 0.0451710 0.1647641 0.2726498 
GorGor_chrY_LOC129530256_15477440_nonP-closest-Q2A-at-428101_nonC_t       0.0201543 0.0161076 0.0000000 0.0119943 0.0202528 0.0330577 0.0160936 0.0243904 0.0120068 0.0202416 0.0160458 0.0370145 0.0160248 0.0287694 0.0243893 0.0369649 0.0414189 0.0586581 0.1719219 0.2931030 
GorGor_chrY_LOC129530261_16137383_nonP-closest-Q2A-at-9455_nonC_-         0.0159938 0.0119834 0.0119943 0.0000000 0.0160714 0.0286882 0.0119731 0.0201605 0.0079404 0.0160623 0.0119378 0.0326336 0.0119224 0.0244581 0.0201599 0.0325899 0.0369712 0.0540181 0.1765686 0.2793956 
GorGor_chrY_LOC129530243_19602754_Q10B_nonC_-                             0.0079520 0.0120028 0.0202528 0.0160714 0.0000000 0.0203732 0.0119925 0.0201929 0.0079533 0.0160883 0.0119571 0.0326851 0.0201302 0.0079682 0.0201923 0.0326412 0.0370293 0.0541005 0.1767965 0.2852567 
GorGor_chrY_LOC129530266_16415999_Q2B_nonC_t                              0.0120400 0.0161356 0.0330577 0.0286882 0.0203732 0.0000000 0.0244627 0.0329597 0.0202769 0.0287193 0.0201782 0.0458562 0.0243858 0.0203160 0.0329572 0.0457948 0.0503855 0.0632370 0.1827317 0.2862124 
HomSap_chrY_RBMY1A1_22410130_Q7.3A_nonC_t                                 0.0119348 0.0079486 0.0160936 0.0119731 0.0119925 0.0244627 0.0000000 0.0079325 0.0039497 0.0119855 0.0079185 0.0284076 0.0159967 0.0202769 0.0160458 0.0283694 0.0326928 0.0496006 0.1638948 0.2778310 
HomSap_chrY_RBMY1F_23239128_Q7.7B_nonC_t                                  0.0200950 0.0160600 0.0243904 0.0201605 0.0201929 0.0329597 0.0079325 0.0000000 0.0119713 0.0201818 0.0159986 0.0369058 0.0242424 0.0286841 0.0243173 0.0368564 0.0412971 0.0584874 0.1753717 0.2923010 
PanPan_chrY_LOC129395525_32259993_Q7A_C3_-                                0.0079151 0.0039531 0.0120068 0.0079404 0.0079533 0.0202769 0.0039497 0.0119713 0.0000000 0.0079486 0.0039381 0.0242202 0.0119348 0.0161356 0.0119713 0.0241876 0.0284531 0.0452201 0.1649896 0.2706849 
PanPan_chrY_LOC129395779_29435508_Q9.3B_C3_t                              0.0160105 0.0119958 0.0202416 0.0160623 0.0160883 0.0287193 0.0119855 0.0201818 0.0079486 0.0000000 0.0119502 0.0326689 0.0201191 0.0244843 0.0201812 0.0326251 0.0370116 0.0540787 0.1768181 0.2773787 
PanTro_chrY_LOC740336_24040994_Q4A_C3_-                                   0.0118997 0.0079252 0.0160458 0.0119378 0.0119571 0.0201782 0.0079185 0.0159986 0.0039381 0.0119502 0.0000000 0.0283226 0.0159495 0.0160573 0.0159983 0.0282847 0.0325944 0.0494500 0.1593306 0.2637472 
PanPan_chrY_LOC129395733_26495121_Q12.6A_C3_-                             0.0325259 0.0284326 0.0370145 0.0326336 0.0326851 0.0458562 0.0284076 0.0369058 0.0242202 0.0326689 0.0283226 0.0000000 0.0367882 0.0414603 0.0369025 0.0497199 0.0543216 0.0497488 0.1881086 0.2883949 
GorGor_chrY_LOC129530259_15918165_Q2A_nonC_-                              0.0118984 0.0160105 0.0160248 0.0119224 0.0201302 0.0243858 0.0159967 0.0242424 0.0119348 0.0201191 0.0159495 0.0367882 0.0000000 0.0285932 0.0242413 0.0367392 0.0411642 0.0582953 0.1817546 0.2820849 
GorGor_chrY_LOC129530267_16438966_nonP-closest-Q2B-at-11653_nonC_t        0.0161330 0.0202947 0.0287694 0.0244581 0.0079682 0.0203160 0.0202769 0.0286841 0.0161356 0.0244843 0.0160573 0.0414603 0.0285932 0.0000000 0.0286823 0.0414047 0.0459328 0.0633675 0.1831915 0.2934645 
PonAbe_chrY_LOC129053464_11360201_Q4A_C3_t                                0.0200944 0.0160597 0.0243893 0.0201599 0.0201923 0.0329572 0.0160458 0.0243173 0.0119713 0.0201812 0.0159983 0.0369025 0.0242413 0.0286823 0.0000000 0.0368532 0.0412927 0.0584779 0.1823769 0.2785919 
SymSyn_chrY_LOC129476690_19589548_Q6.1A_nonC_t                            0.0324824 0.0283943 0.0369649 0.0325899 0.0326412 0.0457948 0.0283694 0.0368564 0.0241876 0.0326251 0.0282847 0.0497199 0.0367392 0.0414047 0.0368532 0.0000000 0.0039587 0.0628506 0.1695679 0.2853030 
SymSyn_chrY_LOC129476703_19871324_Q6.2A_nonC_-                            0.0368480 0.0327218 0.0414189 0.0369712 0.0370293 0.0503855 0.0326928 0.0412971 0.0284531 0.0370116 0.0325944 0.0543216 0.0411642 0.0459328 0.0412927 0.0039587 0.0000000 0.0676191 0.1759527 0.2769542 
GorGor_chrY_LOC129530264_16264504_Q2B_nonC_t                              0.0538349 0.0451710 0.0586581 0.0540181 0.0541005 0.0632370 0.0496006 0.0584874 0.0452201 0.0540787 0.0494500 0.0497488 0.0582953 0.0633675 0.0584779 0.0628506 0.0676191 0.0000000 0.2045715 0.3071846 
PonPyg_chrY_LOC129025868-exPG_15712776_nonP-closest-Q4B-at-4388024_nonC_- 0.1758572 0.1647641 0.1719219 0.1765686 0.1767965 0.1827317 0.1638948 0.1753717 0.1649896 0.1768181 0.1593306 0.1881086 0.1817546 0.1831915 0.1823769 0.1695679 0.1759527 0.2045715 0.0000000 0.3988182 
GorGor_chrX_RBMX_148580455_nonP-closest-Q18.2B-at-983454_nonC_-           0.2749317 0.2726498 0.2931030 0.2793956 0.2852567 0.2862124 0.2778310 0.2923010 0.2706849 0.2773787 0.2637472 0.2883949 0.2820849 0.2934645 0.2785919 0.2853030 0.2769542 0.3071846 0.3988182 0.0000000 
