59
PanTro_chrY_LOC737822_extraction_-_LOC739765_CDS                                0.0000000 0.0038220 0.0025375 0.0051051 0.0038126 0.0025412 0.0038186 0.0038182 0.0038177 0.0038186 0.0038174 0.0063826 0.0050988 0.0050980 0.0064000 0.0064000 0.0102981 0.0076899 0.0089957 0.0089867 0.0089957 0.0089957 0.0102888 0.0089867 0.0129175 0.0076899 0.0089867 0.0102888 0.0089957 0.0103085 0.0116149 0.0116284 0.0115915 0.0102981 0.0089876 0.0466643 0.0466526 0.0634344 0.0769803 0.0654187 0.0452115 0.0452002 0.0481100 0.0481100 0.0587730 0.0602890 0.0618631 0.0255553 0.0158457 0.0171933 0.0496251 0.0496192 0.0481035 0.0683981 0.0466580 0.0481673 0.0481730 0.0466526 0.0467704 
PanTro_chrY_LOC739765_-_739765_-_LOC739765_CDS                                  0.0038220 0.0000000 0.0012667 0.0012638 0.0025392 0.0012647 0.0025354 0.0025352 0.0025348 0.0025354 0.0025346 0.0050853 0.0038085 0.0038080 0.0050991 0.0050991 0.0089739 0.0063821 0.0076790 0.0076713 0.0076790 0.0076790 0.0089658 0.0076713 0.0115778 0.0063821 0.0076713 0.0089658 0.0076790 0.0089828 0.0102818 0.0102937 0.0102613 0.0089739 0.0076721 0.0450920 0.0450807 0.0617424 0.0751722 0.0637022 0.0436484 0.0436375 0.0465289 0.0465289 0.0571146 0.0586205 0.0601827 0.0241053 0.0144640 0.0158037 0.0480326 0.0480270 0.0465226 0.0666647 0.0450858 0.0465840 0.0465894 0.0450807 0.0451937 
PanTro_chrY_LOC745124_-_745124_-_LOC745124_CDS                                  0.0025375 0.0012667 0.0000000 0.0025395 0.0012635 0.0025412 0.0038186 0.0038182 0.0038177 0.0038186 0.0038174 0.0063826 0.0050988 0.0050980 0.0064000 0.0064000 0.0102981 0.0076899 0.0089957 0.0089867 0.0089957 0.0089957 0.0102888 0.0089867 0.0129175 0.0076899 0.0089867 0.0102888 0.0089957 0.0103085 0.0116149 0.0116284 0.0115915 0.0102981 0.0089876 0.0466643 0.0466526 0.0634344 0.0769803 0.0654187 0.0452115 0.0452002 0.0481100 0.0481100 0.0587730 0.0602890 0.0618631 0.0255553 0.0158457 0.0171933 0.0496251 0.0496192 0.0481035 0.0683981 0.0466580 0.0481673 0.0481730 0.0466526 0.0467704 
PanTro_chrY_LOC112207444_-_112207444_Mod_RF_-_LOC112207444_CDS                  0.0051051 0.0012638 0.0025395 0.0000000 0.0038155 0.0025354 0.0038099 0.0038095 0.0038089 0.0038099 0.0038086 0.0063679 0.0050870 0.0050863 0.0063852 0.0063852 0.0102741 0.0076721 0.0089748 0.0089658 0.0089748 0.0089748 0.0102649 0.0089658 0.0128872 0.0076721 0.0089658 0.0102649 0.0089748 0.0102844 0.0115878 0.0116012 0.0115645 0.0102741 0.0089667 0.0465458 0.0465341 0.0632672 0.0767694 0.0652445 0.0450970 0.0450857 0.0479875 0.0479875 0.0572173 0.0587261 0.0602914 0.0254925 0.0158077 0.0171519 0.0494983 0.0494924 0.0479811 0.0682152 0.0465395 0.0480445 0.0480502 0.0465341 0.0466513 
PanTro_chrY_LOC129135297_-_129135297_-_LOC129135297_CDS                         0.0038126 0.0025392 0.0012635 0.0038155 0.0000000 0.0038182 0.0051000 0.0050995 0.0050988 0.0051000 0.0050983 0.0076720 0.0063841 0.0063832 0.0076930 0.0076930 0.0116049 0.0089867 0.0102981 0.0102878 0.0102981 0.0102981 0.0115944 0.0102878 0.0142333 0.0089867 0.0102878 0.0115944 0.0102981 0.0116166 0.0129273 0.0129424 0.0129012 0.0116049 0.0102888 0.0481221 0.0481100 0.0649618 0.0785789 0.0669635 0.0466643 0.0466526 0.0495725 0.0495725 0.0602812 0.0618025 0.0633837 0.0269474 0.0171958 0.0185479 0.0510945 0.0510884 0.0495658 0.0699506 0.0481156 0.0496318 0.0496377 0.0481100 0.0482319 
PanPan_chrY_LOC129395564__pseudo__-_LOC129395764_CDS                            0.0025412 0.0012647 0.0025412 0.0025354 0.0038182 0.0000000 0.0012635 0.0012634 0.0012632 0.0012635 0.0012631 0.0038039 0.0025323 0.0025319 0.0038142 0.0038142 0.0076713 0.0050921 0.0063821 0.0063758 0.0063821 0.0063821 0.0076645 0.0063758 0.0102638 0.0050921 0.0063758 0.0076645 0.0063821 0.0076790 0.0089725 0.0089828 0.0089546 0.0076713 0.0063764 0.0435995 0.0435886 0.0601594 0.0734991 0.0620990 0.0421627 0.0421522 0.0450300 0.0450300 0.0555569 0.0570554 0.0586085 0.0227026 0.0131130 0.0144469 0.0465250 0.0465197 0.0450239 0.0650495 0.0435935 0.0450831 0.0450882 0.0435886 0.0436974 
PanPan_chrY_LOC129395568__pseudo__-_LOC129395764_CDS                            0.0038186 0.0025354 0.0038186 0.0038099 0.0051000 0.0012635 0.0000000 0.0025330 0.0025326 0.0025332 0.0025324 0.0050441 0.0038052 0.0038046 0.0050946 0.0050946 0.0089658 0.0063764 0.0076721 0.0076645 0.0076721 0.0076721 0.0089578 0.0076645 0.0115674 0.0063764 0.0076645 0.0089578 0.0076721 0.0089748 0.0102726 0.0102844 0.0102520 0.0089658 0.0076653 0.0450463 0.0450350 0.0616766 0.0719333 0.0636335 0.0436044 0.0435935 0.0464816 0.0464816 0.0570545 0.0585586 0.0601188 0.0240821 0.0144506 0.0157890 0.0479836 0.0479780 0.0464753 0.0665923 0.0450402 0.0465366 0.0465419 0.0450350 0.0451479 
PanPan_chrY_LOC129395572_-_129395572_-_LOC129395572_CDS__reversed_              0.0038182 0.0025352 0.0038182 0.0038095 0.0050995 0.0012634 0.0025330 0.0000000 0.0025323 0.0025330 0.0025321 0.0050803 0.0012635 0.0038042 0.0025392 0.0025392 0.0089649 0.0063758 0.0076713 0.0076637 0.0076713 0.0076713 0.0089569 0.0076637 0.0115662 0.0063758 0.0076637 0.0089569 0.0076713 0.0089739 0.0102715 0.0102834 0.0102510 0.0089649 0.0076645 0.0450413 0.0450300 0.0616694 0.0750789 0.0636260 0.0435995 0.0435886 0.0464764 0.0464764 0.0570479 0.0585518 0.0601118 0.0240796 0.0144491 0.0157873 0.0479782 0.0479726 0.0464701 0.0665844 0.0450351 0.0465313 0.0465367 0.0450300 0.0451428 
PanPan_chrY_LOC129395585_-_129395585_Mod_RF_-_LOC129395585_CDS                  0.0038177 0.0025348 0.0038177 0.0038089 0.0050988 0.0012632 0.0025326 0.0025323 0.0000000 0.0025326 0.0025317 0.0050796 0.0038042 0.0012629 0.0050933 0.0050933 0.0089636 0.0063748 0.0076702 0.0076626 0.0076702 0.0076702 0.0089555 0.0076626 0.0115645 0.0063748 0.0076626 0.0089555 0.0076702 0.0089725 0.0102700 0.0102818 0.0102495 0.0089636 0.0076633 0.0450351 0.0450239 0.0616614 0.0750696 0.0636178 0.0435935 0.0435826 0.0464701 0.0464701 0.0570405 0.0585442 0.0601041 0.0240760 0.0144469 0.0157849 0.0479717 0.0479661 0.0464638 0.0665760 0.0450290 0.0465250 0.0465304 0.0450239 0.0451366 
PanPan_chrY_LOC129395599__pseudo__-_LOC129395764_CDS                            0.0038186 0.0025354 0.0038186 0.0038099 0.0051000 0.0012635 0.0025332 0.0025330 0.0025326 0.0000000 0.0025324 0.0050808 0.0038052 0.0038046 0.0050946 0.0050946 0.0089658 0.0063764 0.0076721 0.0076645 0.0076721 0.0076721 0.0089578 0.0076645 0.0115674 0.0063764 0.0076645 0.0089578 0.0076721 0.0089748 0.0102726 0.0102844 0.0102520 0.0089658 0.0076653 0.0450463 0.0450350 0.0586624 0.0719333 0.0636335 0.0436044 0.0435935 0.0464816 0.0464816 0.0570545 0.0585586 0.0601188 0.0213334 0.0144506 0.0157890 0.0479836 0.0479780 0.0464753 0.0635281 0.0450402 0.0465366 0.0465419 0.0450350 0.0451479 
PanPan_chrY_LOC129395610__pseudo__-_LOC129395764_CDS                            0.0038174 0.0025346 0.0038174 0.0038086 0.0050983 0.0012631 0.0025324 0.0025321 0.0025317 0.0025324 0.0000000 0.0050792 0.0038039 0.0038033 0.0050929 0.0050929 0.0089628 0.0063743 0.0076695 0.0076619 0.0076695 0.0076695 0.0089548 0.0076619 0.0115635 0.0063743 0.0076619 0.0089548 0.0076695 0.0089717 0.0102691 0.0102810 0.0102486 0.0089628 0.0076627 0.0450300 0.0450187 0.0616536 0.0750591 0.0636095 0.0435886 0.0435777 0.0464647 0.0464647 0.0570334 0.0585369 0.0600965 0.0240736 0.0144456 0.0157835 0.0479661 0.0479605 0.0464584 0.0665672 0.0450239 0.0465197 0.0465250 0.0450187 0.0451315 
PanPan_chrY_LOC129395718__pseudo__-_LOC129395764_CDS                            0.0063826 0.0050853 0.0063826 0.0063679 0.0076720 0.0038039 0.0050441 0.0050803 0.0050796 0.0050808 0.0050792 0.0000000 0.0063601 0.0063591 0.0076638 0.0076638 0.0115606 0.0089525 0.0102589 0.0102486 0.0102589 0.0102589 0.0115502 0.0102486 0.0141786 0.0089525 0.0102486 0.0115502 0.0102589 0.0115722 0.0128778 0.0128927 0.0128518 0.0115606 0.0102496 0.0479213 0.0479093 0.0646803 0.0782248 0.0666704 0.0464701 0.0464584 0.0493651 0.0493651 0.0600227 0.0615368 0.0631101 0.0268387 0.0171282 0.0184747 0.0508798 0.0508738 0.0493585 0.0696429 0.0479148 0.0494239 0.0494297 0.0479093 0.0480301 
PanPan_chrY_LOC129395754__pseudo__-_LOC129395764_CDS                            0.0050988 0.0038085 0.0050988 0.0050870 0.0063841 0.0025323 0.0038052 0.0012635 0.0038042 0.0038052 0.0038039 0.0063601 0.0000000 0.0025317 0.0012665 0.0012665 0.0102613 0.0076626 0.0089636 0.0089546 0.0089636 0.0089636 0.0102520 0.0089546 0.0128710 0.0076626 0.0089546 0.0102520 0.0089636 0.0102715 0.0115732 0.0115866 0.0115500 0.0102613 0.0089555 0.0464817 0.0464701 0.0631766 0.0766549 0.0651500 0.0450351 0.0450239 0.0479213 0.0479213 0.0585366 0.0600458 0.0616125 0.0254587 0.0157873 0.0171298 0.0494297 0.0494239 0.0479148 0.0681160 0.0464754 0.0479782 0.0479838 0.0464701 0.0465869 
PanPan_chrY_LOC129395763__pseudo__-_LOC129395764_CDS                            0.0050980 0.0038080 0.0050980 0.0050863 0.0063832 0.0025319 0.0038046 0.0038042 0.0012629 0.0038046 0.0038033 0.0063591 0.0025317 0.0000000 0.0038133 0.0038133 0.0102597 0.0076614 0.0089622 0.0089533 0.0089622 0.0089622 0.0102505 0.0089533 0.0128691 0.0076614 0.0089533 0.0102505 0.0089622 0.0102700 0.0115715 0.0115849 0.0115483 0.0102597 0.0089542 0.0464754 0.0464638 0.0631685 0.0766455 0.0651417 0.0450290 0.0450177 0.0479148 0.0479148 0.0585290 0.0600380 0.0616046 0.0254550 0.0157849 0.0171272 0.0494231 0.0494172 0.0479084 0.0681074 0.0464692 0.0479717 0.0479773 0.0464638 0.0465806 
PanPan_chrY_LOC129395765__pseudo__-_LOC129395764_CDS                            0.0064000 0.0050991 0.0064000 0.0063852 0.0076930 0.0038142 0.0050946 0.0025392 0.0050933 0.0050946 0.0050929 0.0076638 0.0012665 0.0038133 0.0000000 0.0025452 0.0115924 0.0089770 0.0102870 0.0102767 0.0102870 0.0102870 0.0115819 0.0102767 0.0142177 0.0089770 0.0102767 0.0115819 0.0102870 0.0116040 0.0129133 0.0129283 0.0128872 0.0115924 0.0102777 0.0480633 0.0480512 0.0648782 0.0784726 0.0668762 0.0466075 0.0465958 0.0495116 0.0495116 0.0602046 0.0617238 0.0633025 0.0269161 0.0171765 0.0185270 0.0510314 0.0510253 0.0495050 0.0698589 0.0480568 0.0495708 0.0495766 0.0480512 0.0481728 
PanPan_chrY_LOC129395766_-_129395766_-_LOC129395766_CDS                         0.0064000 0.0050991 0.0064000 0.0063852 0.0076930 0.0038142 0.0050946 0.0025392 0.0050933 0.0050946 0.0050929 0.0076638 0.0012665 0.0038133 0.0025452 0.0000000 0.0115924 0.0089770 0.0102870 0.0102767 0.0102870 0.0102870 0.0115819 0.0102767 0.0142177 0.0089770 0.0102767 0.0115819 0.0102870 0.0116040 0.0129133 0.0129283 0.0128872 0.0115924 0.0102777 0.0480633 0.0480512 0.0648782 0.0784726 0.0668762 0.0466075 0.0465958 0.0495116 0.0495116 0.0602046 0.0617238 0.0633025 0.0269161 0.0171765 0.0185270 0.0510314 0.0510253 0.0495050 0.0698589 0.0480568 0.0495708 0.0495766 0.0480512 0.0481728 
HomSap_chrY_LOC124905614_-_124905614_-_LOC124905614_CDS                         0.0102981 0.0089739 0.0102981 0.0102741 0.0116049 0.0076713 0.0089658 0.0089649 0.0089636 0.0089658 0.0089628 0.0115606 0.0102613 0.0102597 0.0115924 0.0115924 0.0000000 0.0025066 0.0037698 0.0037661 0.0012503 0.0037698 0.0050303 0.0012515 0.0025054 0.0024539 0.0012252 0.0050303 0.0012240 0.0025070 0.0037662 0.0036909 0.0037664 0.0050347 0.0037665 0.0435313 0.0435205 0.0634344 0.0733792 0.0619993 0.0420968 0.0420864 0.0449595 0.0449595 0.0554688 0.0569649 0.0585153 0.0226674 0.0130930 0.0144248 0.0464521 0.0464467 0.0449534 0.0649450 0.0435254 0.0450124 0.0450176 0.0435205 0.0436289 
HomSap_chrY_LOC124905615_-_124905615_-_LOC124905615_CDS                         0.0076899 0.0063821 0.0076899 0.0076721 0.0089867 0.0050921 0.0063764 0.0063758 0.0063748 0.0063764 0.0063743 0.0089525 0.0076626 0.0076614 0.0089770 0.0089770 0.0025066 0.0000000 0.0012512 0.0012500 0.0012512 0.0012512 0.0025044 0.0012500 0.0050303 0.0000010 0.0012500 0.0025044 0.0012512 0.0025090 0.0037692 0.0037734 0.0037619 0.0025066 0.0012502 0.0406222 0.0406121 0.0603244 0.0701557 0.0588971 0.0391994 0.0391897 0.0420396 0.0420396 0.0524464 0.0539295 0.0554649 0.0199107 0.0104280 0.0117497 0.0435168 0.0435119 0.0420338 0.0618230 0.0406166 0.0420886 0.0420933 0.0406121 0.0407125 
HomSap_chrY_LOC124905616_-_124905616_-_LOC124905616_CDS                         0.0089957 0.0076790 0.0089957 0.0089748 0.0102981 0.0063821 0.0076721 0.0076713 0.0076702 0.0076721 0.0076695 0.0102589 0.0089636 0.0089622 0.0102870 0.0102870 0.0037698 0.0012512 0.0000000 0.0025066 0.0025090 0.0025090 0.0037665 0.0025066 0.0063044 0.0012512 0.0025066 0.0037665 0.0025090 0.0012515 0.0025067 0.0050445 0.0050290 0.0037698 0.0025069 0.0420968 0.0420864 0.0619124 0.0718068 0.0604803 0.0406673 0.0406572 0.0435205 0.0435205 0.0539848 0.0554761 0.0570197 0.0212972 0.0117635 0.0130910 0.0450063 0.0450012 0.0435145 0.0634181 0.0420911 0.0435715 0.0435764 0.0420864 0.0421908 
HomSap_chrY_LOC124905617_-_124905617_-_LOC124905617_CDS                         0.0089867 0.0076713 0.0089867 0.0089658 0.0102878 0.0063758 0.0076645 0.0076637 0.0076626 0.0076645 0.0076619 0.0102486 0.0089546 0.0089533 0.0102767 0.0102767 0.0037661 0.0012500 0.0025066 0.0000000 0.0025066 0.0025066 0.0012505 0.0025042 0.0037674 0.0012500 0.0025042 0.0012505 0.0025066 0.0037698 0.0050339 0.0050396 0.0025044 0.0012515 0.0025044 0.0420500 0.0420396 0.0618389 0.0717195 0.0604087 0.0406222 0.0406121 0.0434719 0.0434719 0.0539224 0.0554118 0.0569533 0.0212747 0.0117515 0.0130776 0.0449558 0.0449507 0.0434660 0.0633425 0.0420442 0.0435228 0.0435277 0.0420396 0.0421438 
HomSap_chrY_LOC124905618_-_124905618_-_LOC124905618_CDS                         0.0089957 0.0076790 0.0089957 0.0089748 0.0102981 0.0063821 0.0076721 0.0076713 0.0076702 0.0076721 0.0076695 0.0102589 0.0089636 0.0089622 0.0102870 0.0102870 0.0012503 0.0012512 0.0025090 0.0025066 0.0000000 0.0025090 0.0037665 0.0025066 0.0037635 0.0012512 0.0025066 0.0037665 0.0000010 0.0012515 0.0025067 0.0025095 0.0050290 0.0037698 0.0025069 0.0420968 0.0420864 0.0619124 0.0718068 0.0604803 0.0406673 0.0406572 0.0435205 0.0435205 0.0539848 0.0554761 0.0570197 0.0212972 0.0117635 0.0130910 0.0450063 0.0450012 0.0435145 0.0634181 0.0420911 0.0435715 0.0435764 0.0420864 0.0421908 
HomSap_chrY_LOC124905624_-_124905624_-_LOC124905624_CDS                         0.0089957 0.0076790 0.0089957 0.0089748 0.0102981 0.0063821 0.0076721 0.0076713 0.0076702 0.0076721 0.0076695 0.0102589 0.0089636 0.0089622 0.0102870 0.0102870 0.0037698 0.0012512 0.0025090 0.0025066 0.0025090 0.0000000 0.0037665 0.0025066 0.0063044 0.0012512 0.0025066 0.0037665 0.0025090 0.0037734 0.0050388 0.0025095 0.0050290 0.0012503 0.0025069 0.0420968 0.0420864 0.0619124 0.0718068 0.0604803 0.0406673 0.0406572 0.0435205 0.0435205 0.0539848 0.0554761 0.0570197 0.0212972 0.0117635 0.0130910 0.0450063 0.0450012 0.0435145 0.0634181 0.0420911 0.0435715 0.0435764 0.0420864 0.0421908 
HomSap_chrY_LOC124905627_-_124905627_-_LOC124905627_CDS                         0.0102888 0.0089658 0.0102888 0.0102649 0.0115944 0.0076645 0.0089578 0.0089569 0.0089555 0.0089578 0.0089548 0.0115502 0.0102520 0.0102505 0.0115819 0.0115819 0.0050303 0.0025044 0.0037665 0.0012505 0.0037665 0.0037665 0.0000000 0.0037629 0.0025078 0.0025044 0.0037629 0.0025053 0.0037665 0.0050352 0.0063035 0.0063106 0.0037632 0.0025074 0.0037632 0.0434875 0.0434767 0.0633663 0.0732976 0.0619329 0.0420547 0.0420442 0.0449142 0.0449142 0.0554109 0.0569052 0.0584536 0.0226457 0.0130809 0.0144114 0.0464049 0.0463996 0.0449081 0.0648750 0.0434816 0.0449669 0.0449721 0.0434767 0.0435849 
HomSap_chrY_LOC124905628_-_124905628_-_LOC124905628_CDS                         0.0089867 0.0076713 0.0089867 0.0089658 0.0102878 0.0063758 0.0076645 0.0076637 0.0076626 0.0076645 0.0076619 0.0102486 0.0089546 0.0089533 0.0102767 0.0102767 0.0012515 0.0012500 0.0025066 0.0025042 0.0025066 0.0025066 0.0037629 0.0000000 0.0037674 0.0012500 0.0000010 0.0037629 0.0025066 0.0037698 0.0050339 0.0050396 0.0025044 0.0037661 0.0025044 0.0420500 0.0420396 0.0618389 0.0717195 0.0604087 0.0406222 0.0406121 0.0434719 0.0434719 0.0539224 0.0554118 0.0569533 0.0212747 0.0117515 0.0130776 0.0449558 0.0449507 0.0434660 0.0633425 0.0420442 0.0435228 0.0435277 0.0420396 0.0421438 
HomSap_chrY_LOC124909084_-_124909084_-_LOC124909084_CDS                         0.0129175 0.0115778 0.0129175 0.0128872 0.0142333 0.0102638 0.0115674 0.0115662 0.0115645 0.0115674 0.0115635 0.0141786 0.0128710 0.0128691 0.0142177 0.0142177 0.0025054 0.0050303 0.0063044 0.0037674 0.0037635 0.0063044 0.0025078 0.0037674 0.0000000 0.0050303 0.0037674 0.0050319 0.0037635 0.0050311 0.0062984 0.0063055 0.0037677 0.0050363 0.0062989 0.0464204 0.0464088 0.0665024 0.0765483 0.0650612 0.0449758 0.0449646 0.0478580 0.0478580 0.0584580 0.0599650 0.0615295 0.0254257 0.0157671 0.0171078 0.0493642 0.0493584 0.0478515 0.0680229 0.0464141 0.0479147 0.0479203 0.0464088 0.0465253 
HomSap_chrY_LOC124909293_-_124909293_-_LOC124909293_CDS                         0.0076899 0.0063821 0.0076899 0.0076721 0.0089867 0.0050921 0.0063764 0.0063758 0.0063748 0.0063764 0.0063743 0.0089525 0.0076626 0.0076614 0.0089770 0.0089770 0.0024539 0.0000010 0.0012512 0.0012500 0.0012512 0.0012512 0.0025044 0.0012500 0.0050303 0.0000000 0.0012238 0.0025044 0.0012250 0.0025090 0.0037692 0.0036938 0.0037619 0.0025066 0.0012502 0.0406222 0.0406121 0.0603244 0.0701557 0.0588971 0.0391994 0.0391897 0.0420396 0.0420396 0.0524464 0.0539295 0.0554649 0.0199107 0.0104280 0.0117497 0.0435168 0.0435119 0.0420338 0.0618230 0.0406166 0.0420886 0.0420933 0.0406121 0.0407125 
HomSap_chrY_LOC124909305_-_124909305_-_LOC124909305_CDS                         0.0089867 0.0076713 0.0089867 0.0089658 0.0102878 0.0063758 0.0076645 0.0076637 0.0076626 0.0076645 0.0076619 0.0102486 0.0089546 0.0089533 0.0102767 0.0102767 0.0012252 0.0012500 0.0025066 0.0025042 0.0025066 0.0025066 0.0037629 0.0000010 0.0037674 0.0012238 0.0000000 0.0037629 0.0024539 0.0037698 0.0050339 0.0049331 0.0025044 0.0037661 0.0025044 0.0420500 0.0420396 0.0618389 0.0717195 0.0604087 0.0406222 0.0406121 0.0434719 0.0434719 0.0539224 0.0554118 0.0569533 0.0212747 0.0117515 0.0130776 0.0449558 0.0449507 0.0434660 0.0633425 0.0420442 0.0435228 0.0435277 0.0420396 0.0421438 
HomSap_chrY_LOC124909306_-_124909306_-_LOC124909306_CDS                         0.0102888 0.0089658 0.0102888 0.0102649 0.0115944 0.0076645 0.0089578 0.0089569 0.0089555 0.0089578 0.0089548 0.0115502 0.0102520 0.0102505 0.0115819 0.0115819 0.0050303 0.0025044 0.0037665 0.0012505 0.0037665 0.0037665 0.0025053 0.0037629 0.0050319 0.0025044 0.0037629 0.0000000 0.0037665 0.0050352 0.0063035 0.0063106 0.0037632 0.0025074 0.0037632 0.0434875 0.0434767 0.0633663 0.0732976 0.0619329 0.0420547 0.0420442 0.0449142 0.0449142 0.0554109 0.0569052 0.0584536 0.0212747 0.0117515 0.0130776 0.0464049 0.0463996 0.0449081 0.0648750 0.0434816 0.0449669 0.0449721 0.0434767 0.0435849 
HomSap_chrY_LOC124909317_-_124909317_-_LOC124909317_CDS                         0.0089957 0.0076790 0.0089957 0.0089748 0.0102981 0.0063821 0.0076721 0.0076713 0.0076702 0.0076721 0.0076695 0.0102589 0.0089636 0.0089622 0.0102870 0.0102870 0.0012240 0.0012512 0.0025090 0.0025066 0.0000010 0.0025090 0.0037665 0.0025066 0.0037635 0.0012250 0.0024539 0.0037665 0.0000000 0.0012515 0.0025067 0.0024566 0.0050290 0.0037698 0.0025069 0.0420968 0.0420864 0.0619124 0.0718068 0.0604803 0.0406673 0.0406572 0.0435205 0.0435205 0.0539848 0.0554761 0.0570197 0.0212972 0.0117635 0.0130910 0.0450063 0.0450012 0.0435145 0.0634181 0.0420911 0.0435715 0.0435764 0.0420864 0.0421908 
HomSap_chrY_LOC124909320_-_124909320_-_LOC124909320_CDS                         0.0103085 0.0089828 0.0103085 0.0102844 0.0116166 0.0076790 0.0089748 0.0089739 0.0089725 0.0089748 0.0089717 0.0115722 0.0102715 0.0102700 0.0116040 0.0116040 0.0025070 0.0025090 0.0012515 0.0037698 0.0012515 0.0037734 0.0050352 0.0037698 0.0050311 0.0025090 0.0037698 0.0050352 0.0012515 0.0000000 0.0012503 0.0037741 0.0063028 0.0050396 0.0037701 0.0435801 0.0435692 0.0635102 0.0734699 0.0620732 0.0421438 0.0421333 0.0450101 0.0450101 0.0555333 0.0570313 0.0585839 0.0226915 0.0131064 0.0144397 0.0465045 0.0464992 0.0450039 0.0650229 0.0435741 0.0450631 0.0450682 0.0435692 0.0436779 
HomSap_chrY_LOC124909330_-_124909330_-_LOC124909330_CDS                         0.0116149 0.0102818 0.0116149 0.0115878 0.0129273 0.0089725 0.0102726 0.0102715 0.0102700 0.0102726 0.0102691 0.0128778 0.0115732 0.0115715 0.0129133 0.0129133 0.0037662 0.0037692 0.0025067 0.0050339 0.0025067 0.0050388 0.0063035 0.0050339 0.0062984 0.0037692 0.0050339 0.0063035 0.0025067 0.0012503 0.0000000 0.0050397 0.0050334 0.0063090 0.0050344 0.0450152 0.0450039 0.0650314 0.0750401 0.0635915 0.0435741 0.0435632 0.0464496 0.0464496 0.0570164 0.0585197 0.0600790 0.0240643 0.0144397 0.0157771 0.0479507 0.0479451 0.0464434 0.0665489 0.0450091 0.0465045 0.0465099 0.0450039 0.0451166 
HomSap_chrY_LOC124909332_-_124909332_-_LOC124909332_CDS                         0.0116284 0.0102937 0.0116284 0.0116012 0.0129424 0.0089828 0.0102844 0.0102834 0.0102818 0.0102844 0.0102810 0.0128927 0.0115866 0.0115849 0.0129283 0.0129283 0.0036909 0.0037734 0.0050445 0.0050396 0.0025095 0.0025095 0.0063106 0.0050396 0.0063055 0.0036938 0.0049331 0.0063106 0.0024566 0.0037741 0.0050397 0.0000000 0.0075834 0.0037704 0.0050401 0.0450720 0.0450607 0.0651178 0.0751427 0.0636759 0.0436289 0.0436180 0.0465084 0.0465084 0.0570905 0.0585959 0.0601576 0.0240936 0.0144567 0.0157958 0.0480116 0.0480060 0.0465021 0.0666376 0.0450659 0.0465634 0.0465688 0.0450607 0.0451737 
HomSap_chrY_TSPY1_-_7258_-_TSPY1_CDS                                            0.0115915 0.0102613 0.0115915 0.0115645 0.0129012 0.0089546 0.0102520 0.0102510 0.0102495 0.0102520 0.0102486 0.0128518 0.0115500 0.0115483 0.0128872 0.0128872 0.0037664 0.0037619 0.0050290 0.0025044 0.0050290 0.0050290 0.0037632 0.0025044 0.0037677 0.0037619 0.0025044 0.0037632 0.0050290 0.0063028 0.0050334 0.0075834 0.0000000 0.0037664 0.0050246 0.0449143 0.0449031 0.0648758 0.0748543 0.0634398 0.0434768 0.0434660 0.0463451 0.0463451 0.0568838 0.0583830 0.0599380 0.0240140 0.0144099 0.0157445 0.0478422 0.0478367 0.0463388 0.0663891 0.0449082 0.0463997 0.0464051 0.0449031 0.0450152 
HomSap_chrY_TSPY2_-_64591_-_TSPY2_CDS                                           0.0102981 0.0089739 0.0102981 0.0102741 0.0116049 0.0076713 0.0089658 0.0089649 0.0089636 0.0089658 0.0089628 0.0115606 0.0102613 0.0102597 0.0115924 0.0115924 0.0050347 0.0025066 0.0037698 0.0012515 0.0037698 0.0012503 0.0025074 0.0037661 0.0050363 0.0025066 0.0037661 0.0025074 0.0037698 0.0050396 0.0063090 0.0037704 0.0037664 0.0000000 0.0037665 0.0435313 0.0435205 0.0634344 0.0733792 0.0619993 0.0420968 0.0420864 0.0449595 0.0449595 0.0554688 0.0569649 0.0585153 0.0226674 0.0130930 0.0144248 0.0464521 0.0464467 0.0449534 0.0649450 0.0435254 0.0450124 0.0450176 0.0435205 0.0436289 
HomSap_chrY_TSPY8_-_728403_-_TSPY8_CDS                                          0.0089876 0.0076721 0.0089876 0.0089667 0.0102888 0.0063764 0.0076653 0.0076645 0.0076633 0.0076653 0.0076627 0.0102496 0.0089555 0.0089542 0.0102777 0.0102777 0.0037665 0.0012502 0.0025069 0.0025044 0.0025069 0.0025069 0.0037632 0.0025044 0.0062989 0.0012502 0.0025044 0.0037632 0.0025069 0.0037701 0.0050344 0.0050401 0.0050246 0.0037665 0.0000000 0.0420547 0.0420442 0.0618462 0.0717282 0.0604157 0.0406267 0.0406166 0.0434767 0.0434767 0.0539286 0.0554182 0.0569598 0.0212770 0.0117527 0.0130789 0.0449608 0.0449557 0.0434708 0.0633500 0.0420489 0.0435276 0.0435325 0.0420442 0.0421485 
PonPyg_chrY_exPG_LOC129025842_-_129025842_-_LOC129025684_CDS__reversed_         0.0466643 0.0450920 0.0466643 0.0465458 0.0481221 0.0435995 0.0450463 0.0450413 0.0450351 0.0450463 0.0450300 0.0479213 0.0464817 0.0464754 0.0480633 0.0480633 0.0435313 0.0406222 0.0420968 0.0420500 0.0420968 0.0420968 0.0434875 0.0420500 0.0464204 0.0406222 0.0420500 0.0434875 0.0420968 0.0435801 0.0450152 0.0450720 0.0449143 0.0435313 0.0420547 0.0000000 0.0025340 0.0278763 0.0379539 0.0251178 0.0012644 0.0038065 0.0012644 0.0012644 0.0389731 0.0389785 0.0404294 0.0474296 0.0398339 0.0412751 0.0050894 0.0050890 0.0038068 0.0278312 0.0025342 0.0038113 0.0038116 0.0025340 0.0050949 
PonPyg_chrY_exPG_LOC129025843_-_129025843_-_LOC129025684_CDS__reversed_         0.0466526 0.0450807 0.0466526 0.0465341 0.0481100 0.0435886 0.0450350 0.0450300 0.0450239 0.0450350 0.0450187 0.0479093 0.0464701 0.0464638 0.0480512 0.0480512 0.0435205 0.0406121 0.0420864 0.0420396 0.0420864 0.0420864 0.0434767 0.0420396 0.0464088 0.0406121 0.0420396 0.0434767 0.0420864 0.0435692 0.0450039 0.0450607 0.0449031 0.0435205 0.0420442 0.0025340 0.0000000 0.0278695 0.0407878 0.0251117 0.0012641 0.0012638 0.0038065 0.0012641 0.0389635 0.0389689 0.0404194 0.0474174 0.0398239 0.0412647 0.0025363 0.0025361 0.0012639 0.0278244 0.0025336 0.0012654 0.0038107 0.0025334 0.0050937 
PonPyg_chrY_exPG_LOC129025871_-_129025871_-_LOC129025684_CDS__reversed_         0.0634344 0.0617424 0.0634344 0.0632672 0.0649618 0.0601594 0.0616766 0.0616694 0.0616614 0.0586624 0.0616536 0.0646803 0.0631766 0.0631685 0.0648782 0.0648782 0.0634344 0.0603244 0.0619124 0.0618389 0.0619124 0.0619124 0.0633663 0.0618389 0.0665024 0.0603244 0.0618389 0.0633663 0.0619124 0.0635102 0.0650314 0.0651178 0.0648758 0.0634344 0.0618462 0.0278763 0.0278695 0.0000000 0.0527385 0.0452360 0.0265033 0.0264969 0.0292480 0.0292480 0.0553598 0.0538998 0.0554340 0.0648654 0.0598014 0.0613296 0.0306605 0.0306574 0.0292438 0.0064110 0.0278723 0.0292809 0.0292839 0.0278695 0.0279359 
PonPyg_chrY_exPG_LOC129025885_-_129025885_-_LOC129025684_CDS__reversed_         0.0769803 0.0751722 0.0769803 0.0767694 0.0785789 0.0734991 0.0719333 0.0750789 0.0750696 0.0719333 0.0750591 0.0782248 0.0766549 0.0766455 0.0784726 0.0784726 0.0733792 0.0701557 0.0718068 0.0717195 0.0718068 0.0718068 0.0732976 0.0717195 0.0765483 0.0701557 0.0717195 0.0732976 0.0718068 0.0734699 0.0750401 0.0751427 0.0748543 0.0733792 0.0717282 0.0379539 0.0407878 0.0527385 0.0000000 0.0573826 0.0393688 0.0393590 0.0393688 0.0393688 0.0619195 0.0634497 0.0650416 0.0718721 0.0697712 0.0713497 0.0437056 0.0437007 0.0422157 0.0542230 0.0407923 0.0422710 0.0422758 0.0407878 0.0408890 
PonPyg_chrY_LOC129025684_-_129025684_-_LOC129025684_CDS__reversed_              0.0654187 0.0637022 0.0654187 0.0652445 0.0669635 0.0620990 0.0636335 0.0636260 0.0636178 0.0636335 0.0636095 0.0666704 0.0651500 0.0651417 0.0668762 0.0668762 0.0619993 0.0588971 0.0604803 0.0604087 0.0604803 0.0604803 0.0619329 0.0604087 0.0650612 0.0588971 0.0604087 0.0619329 0.0604803 0.0620732 0.0635915 0.0636759 0.0634398 0.0619993 0.0604157 0.0251178 0.0251117 0.0452360 0.0573826 0.0000000 0.0237550 0.0264722 0.0264787 0.0264787 0.0539146 0.0539218 0.0554565 0.0682157 0.0599884 0.0615219 0.0278776 0.0278748 0.0264749 0.0466777 0.0251141 0.0265083 0.0265110 0.0251117 0.0279098 
PonPyg_chrY_LOC129025810_-_129025810_-_LOC129025810_CDS__reversed_              0.0452115 0.0436484 0.0452115 0.0450970 0.0466643 0.0421627 0.0436044 0.0435995 0.0435935 0.0436044 0.0435886 0.0464701 0.0450351 0.0450290 0.0466075 0.0466075 0.0420968 0.0391994 0.0406673 0.0406222 0.0406673 0.0406673 0.0420547 0.0406222 0.0449758 0.0391994 0.0406222 0.0420547 0.0406673 0.0421438 0.0435741 0.0436289 0.0434768 0.0420968 0.0406267 0.0012644 0.0012641 0.0265033 0.0393688 0.0237550 0.0000000 0.0025334 0.0025340 0.0025340 0.0375639 0.0375691 0.0390138 0.0459520 0.0383919 0.0398283 0.0038107 0.0038104 0.0025336 0.0264605 0.0012642 0.0025367 0.0025369 0.0012641 0.0038148 
PonPyg_chrY_LOC129025859_-_129025859_-_LOC129025859_CDS__reversed_              0.0452002 0.0436375 0.0452002 0.0450857 0.0466526 0.0421522 0.0435935 0.0435886 0.0435826 0.0435935 0.0435777 0.0464584 0.0450239 0.0450177 0.0465958 0.0465958 0.0420864 0.0391897 0.0406572 0.0406121 0.0406572 0.0406572 0.0420442 0.0406121 0.0449646 0.0391897 0.0406121 0.0420442 0.0406572 0.0421333 0.0435632 0.0436180 0.0434660 0.0420864 0.0406166 0.0038065 0.0012638 0.0264969 0.0393590 0.0264722 0.0025334 0.0000000 0.0050825 0.0025334 0.0375546 0.0375598 0.0390042 0.0459403 0.0383823 0.0398183 0.0038098 0.0038095 0.0025330 0.0264541 0.0038059 0.0025361 0.0050882 0.0038056 0.0038139 
PonPyg_chrY_LOC129025922_-_129025922_-_LOC129025922_CDS__reversed_              0.0481100 0.0465289 0.0481100 0.0479875 0.0495725 0.0450300 0.0464816 0.0464764 0.0464701 0.0464816 0.0464647 0.0493651 0.0479213 0.0479148 0.0495116 0.0495116 0.0449595 0.0420396 0.0435205 0.0434719 0.0435205 0.0435205 0.0449142 0.0434719 0.0478580 0.0420396 0.0434719 0.0449142 0.0435205 0.0450101 0.0464496 0.0465084 0.0463451 0.0449595 0.0434767 0.0012644 0.0038065 0.0292480 0.0393688 0.0264787 0.0025340 0.0050825 0.0000000 0.0025340 0.0403772 0.0403828 0.0418396 0.0488997 0.0412705 0.0427162 0.0063709 0.0063704 0.0050829 0.0292007 0.0038068 0.0050890 0.0050894 0.0038065 0.0063778 
PonPyg_chrY_LOC129025949_-_129025949_-_LOC129025949_CDS__reversed_              0.0481100 0.0465289 0.0481100 0.0479875 0.0495725 0.0450300 0.0464816 0.0464764 0.0464701 0.0464816 0.0464647 0.0493651 0.0479213 0.0479148 0.0495116 0.0495116 0.0449595 0.0420396 0.0435205 0.0434719 0.0435205 0.0435205 0.0449142 0.0434719 0.0478580 0.0420396 0.0434719 0.0449142 0.0435205 0.0450101 0.0464496 0.0465084 0.0463451 0.0449595 0.0434767 0.0012644 0.0012641 0.0292480 0.0393688 0.0264787 0.0025340 0.0025334 0.0025340 0.0000000 0.0403772 0.0403828 0.0418396 0.0488997 0.0412705 0.0427162 0.0038107 0.0038104 0.0025336 0.0292007 0.0038068 0.0025367 0.0050894 0.0038065 0.0063778 
SymSyn_chrY_LOC129476679_-_129476679_Mod_RF_-_LOC129476679_CDS__reversed_       0.0587730 0.0571146 0.0587730 0.0572173 0.0602812 0.0555569 0.0570545 0.0570479 0.0570405 0.0570545 0.0570334 0.0600227 0.0585366 0.0585290 0.0602046 0.0602046 0.0554688 0.0524464 0.0539848 0.0539224 0.0539848 0.0539848 0.0554109 0.0539224 0.0584580 0.0524464 0.0539224 0.0554109 0.0539848 0.0555333 0.0570164 0.0570905 0.0568838 0.0554688 0.0539286 0.0389731 0.0389635 0.0553598 0.0619195 0.0539146 0.0375639 0.0375546 0.0403772 0.0403772 0.0000000 0.0038056 0.0050866 0.0582456 0.0503316 0.0518161 0.0418385 0.0418339 0.0403717 0.0568305 0.0389678 0.0404239 0.0404283 0.0389635 0.0390588 
SymSyn_chrY_LOC129476682_-_NC_072448.2_extraction__reversed__-_LOC129476742_CDS 0.0602890 0.0586205 0.0602890 0.0587261 0.0618025 0.0570554 0.0585586 0.0585518 0.0585442 0.0585586 0.0585369 0.0615368 0.0600458 0.0600380 0.0617238 0.0617238 0.0569649 0.0539295 0.0554761 0.0554118 0.0554761 0.0554761 0.0569052 0.0554118 0.0599650 0.0539295 0.0554118 0.0569052 0.0554761 0.0570313 0.0585197 0.0585959 0.0583830 0.0569649 0.0554182 0.0389785 0.0389689 0.0538998 0.0634497 0.0539218 0.0375691 0.0375598 0.0403828 0.0403828 0.0038056 0.0000000 0.0012653 0.0597832 0.0518301 0.0533208 0.0418442 0.0418396 0.0403772 0.0553670 0.0389731 0.0404294 0.0404339 0.0389689 0.0390642 
SymSyn_chrY_LOC129476684_-_NC_072448.2_extraction__reversed__-_LOC129476742_CDS 0.0618631 0.0601827 0.0618631 0.0602914 0.0633837 0.0586085 0.0601188 0.0601118 0.0601041 0.0601188 0.0600965 0.0631101 0.0616125 0.0616046 0.0633025 0.0633025 0.0585153 0.0554649 0.0570197 0.0569533 0.0570197 0.0570197 0.0584536 0.0569533 0.0615295 0.0554649 0.0569533 0.0584536 0.0570197 0.0585839 0.0600790 0.0601576 0.0599380 0.0585153 0.0569598 0.0404294 0.0404194 0.0554340 0.0650416 0.0554565 0.0390138 0.0390042 0.0418396 0.0418396 0.0050866 0.0012653 0.0000000 0.0613795 0.0533795 0.0548763 0.0433091 0.0433043 0.0418339 0.0569069 0.0404239 0.0418882 0.0418928 0.0404194 0.0405188 
GorGor_chrY_LOC129530254_-_129530254_trim_-_LOC129530254_CDS__reversed_         0.0255553 0.0241053 0.0255553 0.0254925 0.0269474 0.0227026 0.0240821 0.0240796 0.0240760 0.0213334 0.0240736 0.0268387 0.0254587 0.0254550 0.0269161 0.0269161 0.0226674 0.0199107 0.0212972 0.0212747 0.0212972 0.0212972 0.0226457 0.0212747 0.0254257 0.0199107 0.0212747 0.0212747 0.0212972 0.0226915 0.0240643 0.0240936 0.0240140 0.0226674 0.0212770 0.0474296 0.0474174 0.0648654 0.0718721 0.0682157 0.0459520 0.0459403 0.0488997 0.0488997 0.0582456 0.0597832 0.0613795 0.0000000 0.0131495 0.0144871 0.0504415 0.0504354 0.0459351 0.0664117 0.0444746 0.0489590 0.0460021 0.0474174 0.0475392 
GorGor_chrY_LOC129530275_-_129530275_-_LOC129530275_CDS__reversed_              0.0158457 0.0144640 0.0158457 0.0158077 0.0171958 0.0131130 0.0144506 0.0144491 0.0144469 0.0144506 0.0144456 0.0171282 0.0157873 0.0157849 0.0171765 0.0171765 0.0130930 0.0104280 0.0117635 0.0117515 0.0117635 0.0117635 0.0130809 0.0117515 0.0157671 0.0104280 0.0117515 0.0117515 0.0117635 0.0131064 0.0144397 0.0144567 0.0144099 0.0130930 0.0117527 0.0398339 0.0398239 0.0598014 0.0697712 0.0599884 0.0383919 0.0383823 0.0412705 0.0412705 0.0503316 0.0518301 0.0533795 0.0131495 0.0000000 0.0012864 0.0427669 0.0427620 0.0383780 0.0613217 0.0369509 0.0413193 0.0384328 0.0398239 0.0399236 
GorGor_chrY_LOC129530276_-_129530276_Mod_RF_-_LOC129530276_CDS__reversed_       0.0171933 0.0158037 0.0171933 0.0171519 0.0185479 0.0144469 0.0157890 0.0157873 0.0157849 0.0157890 0.0157835 0.0184747 0.0171298 0.0171272 0.0185270 0.0185270 0.0144248 0.0117497 0.0130910 0.0130776 0.0130910 0.0130910 0.0144114 0.0130776 0.0171078 0.0117497 0.0130776 0.0130776 0.0130910 0.0144397 0.0157771 0.0157958 0.0157445 0.0144248 0.0130789 0.0412751 0.0412647 0.0613296 0.0713497 0.0615219 0.0398283 0.0398183 0.0427162 0.0427162 0.0518161 0.0533208 0.0548763 0.0144871 0.0012864 0.0000000 0.0442193 0.0442142 0.0398138 0.0628549 0.0383823 0.0427669 0.0398708 0.0412647 0.0413684 
PonAbe_chrY_exPG_LOC129053421_-_129053421_-_LOC129053385_CDS__reversed_         0.0496251 0.0480326 0.0496251 0.0494983 0.0510945 0.0465250 0.0479836 0.0479782 0.0479717 0.0479836 0.0479661 0.0508798 0.0494297 0.0494231 0.0510314 0.0510314 0.0464521 0.0435168 0.0450063 0.0449558 0.0450063 0.0450063 0.0464049 0.0449558 0.0493642 0.0435168 0.0449558 0.0464049 0.0450063 0.0465045 0.0479507 0.0480116 0.0478422 0.0464521 0.0449608 0.0050894 0.0025363 0.0306605 0.0437056 0.0278776 0.0038107 0.0038098 0.0063709 0.0038107 0.0418385 0.0418442 0.0433091 0.0504415 0.0427669 0.0442193 0.0000000 0.0025332 0.0038102 0.0306108 0.0050887 0.0012640 0.0038064 0.0050882 0.0076730 
PonAbe_chrY_exPG_LOC129053425_-_129053425_-_LOC129053385_CDS__reversed_         0.0496192 0.0480270 0.0496192 0.0494924 0.0510884 0.0465197 0.0479780 0.0479726 0.0479661 0.0479780 0.0479605 0.0508738 0.0494239 0.0494172 0.0510253 0.0510253 0.0464467 0.0435119 0.0450012 0.0449507 0.0450012 0.0450012 0.0463996 0.0449507 0.0493584 0.0435119 0.0449507 0.0463996 0.0450012 0.0464992 0.0479451 0.0480060 0.0478367 0.0464467 0.0449557 0.0050890 0.0025361 0.0306574 0.0437007 0.0278748 0.0038104 0.0038095 0.0063704 0.0038104 0.0418339 0.0418396 0.0433043 0.0504354 0.0427620 0.0442142 0.0025332 0.0000000 0.0038098 0.0306077 0.0050882 0.0012639 0.0038061 0.0050878 0.0076724 
PonAbe_chrY_exPG_LOC129053428_-_129053428_-_LOC129053385_CDS__reversed_         0.0481035 0.0465226 0.0481035 0.0479811 0.0495658 0.0450239 0.0464753 0.0464701 0.0464638 0.0464753 0.0464584 0.0493585 0.0479148 0.0479084 0.0495050 0.0495050 0.0449534 0.0420338 0.0435145 0.0434660 0.0435145 0.0435145 0.0449081 0.0434660 0.0478515 0.0420338 0.0434660 0.0449081 0.0435145 0.0450039 0.0464434 0.0465021 0.0463388 0.0449534 0.0434708 0.0038068 0.0012639 0.0292438 0.0422157 0.0264749 0.0025336 0.0025330 0.0050829 0.0025336 0.0403717 0.0403772 0.0418339 0.0459351 0.0383780 0.0398138 0.0038102 0.0038098 0.0000000 0.0291965 0.0012638 0.0025363 0.0025360 0.0038059 0.0063768 
PonAbe_chrY_exPG_LOC129053458_-_129053458_-_LOC129053385_CDS__reversed_         0.0683981 0.0666647 0.0683981 0.0682152 0.0699506 0.0650495 0.0665923 0.0665844 0.0665760 0.0635281 0.0665672 0.0696429 0.0681160 0.0681074 0.0698589 0.0698589 0.0649450 0.0618230 0.0634181 0.0633425 0.0634181 0.0634181 0.0648750 0.0633425 0.0680229 0.0618230 0.0633425 0.0648750 0.0634181 0.0650229 0.0665489 0.0666376 0.0663891 0.0649450 0.0633500 0.0278312 0.0278244 0.0064110 0.0542230 0.0466777 0.0264605 0.0264541 0.0292007 0.0292007 0.0568305 0.0553670 0.0569069 0.0664117 0.0613217 0.0628549 0.0306108 0.0306077 0.0291965 0.0000000 0.0278272 0.0292335 0.0292365 0.0278244 0.0278906 
PonAbe_chrY_LOC129053384_-_129053384_-_LOC129053384_CDS__reversed_              0.0466580 0.0450858 0.0466580 0.0465395 0.0481156 0.0435935 0.0450402 0.0450351 0.0450290 0.0450402 0.0450239 0.0479148 0.0464754 0.0464692 0.0480568 0.0480568 0.0435254 0.0406166 0.0420911 0.0420442 0.0420911 0.0420911 0.0434816 0.0420442 0.0464141 0.0406166 0.0420442 0.0434816 0.0420911 0.0435741 0.0450091 0.0450659 0.0449082 0.0435254 0.0420489 0.0025342 0.0025336 0.0278723 0.0407923 0.0251141 0.0012642 0.0038059 0.0038068 0.0038068 0.0389678 0.0389731 0.0404239 0.0444746 0.0369509 0.0383823 0.0050887 0.0050882 0.0012638 0.0278272 0.0000000 0.0038107 0.0012654 0.0025336 0.0050941 
PonAbe_chrY_LOC129053405_-_129053405_-_LOC129053405_CDS__reversed_              0.0481673 0.0465840 0.0481673 0.0480445 0.0496318 0.0450831 0.0465366 0.0465313 0.0465250 0.0465366 0.0465197 0.0494239 0.0479782 0.0479717 0.0495708 0.0495708 0.0450124 0.0420886 0.0435715 0.0435228 0.0435715 0.0435715 0.0449669 0.0435228 0.0479147 0.0420886 0.0435228 0.0449669 0.0435715 0.0450631 0.0465045 0.0465634 0.0463997 0.0450124 0.0435276 0.0038113 0.0012654 0.0292809 0.0422710 0.0265083 0.0025367 0.0025361 0.0050890 0.0025367 0.0404239 0.0404294 0.0418882 0.0489590 0.0413193 0.0427669 0.0012640 0.0012639 0.0025363 0.0292335 0.0038107 0.0000000 0.0025338 0.0038104 0.0063845 
PonAbe_chrY_LOC129053416_-_129053416_-_LOC129053416_CDS__reversed_              0.0481730 0.0465894 0.0481730 0.0480502 0.0496377 0.0450882 0.0465419 0.0465367 0.0465304 0.0465419 0.0465250 0.0494297 0.0479838 0.0479773 0.0495766 0.0495766 0.0450176 0.0420933 0.0435764 0.0435277 0.0435764 0.0435764 0.0449721 0.0435277 0.0479203 0.0420933 0.0435277 0.0449721 0.0435764 0.0450682 0.0465099 0.0465688 0.0464051 0.0450176 0.0435325 0.0038116 0.0038107 0.0292839 0.0422758 0.0265110 0.0025369 0.0050882 0.0050894 0.0050894 0.0404283 0.0404339 0.0418928 0.0460021 0.0384328 0.0398708 0.0038064 0.0038061 0.0025360 0.0292365 0.0012654 0.0025338 0.0000000 0.0038107 0.0063850 
PonAbe_chrY_LOC129053419_-_129053419_-_LOC129053419_CDS__reversed_              0.0466526 0.0450807 0.0466526 0.0465341 0.0481100 0.0435886 0.0450350 0.0450300 0.0450239 0.0450350 0.0450187 0.0479093 0.0464701 0.0464638 0.0480512 0.0480512 0.0435205 0.0406121 0.0420864 0.0420396 0.0420864 0.0420864 0.0434767 0.0420396 0.0464088 0.0406121 0.0420396 0.0434767 0.0420864 0.0435692 0.0450039 0.0450607 0.0449031 0.0435205 0.0420442 0.0025340 0.0025334 0.0278695 0.0407878 0.0251117 0.0012641 0.0038056 0.0038065 0.0038065 0.0389635 0.0389689 0.0404194 0.0474174 0.0398239 0.0412647 0.0050882 0.0050878 0.0038059 0.0278244 0.0025336 0.0038104 0.0038107 0.0000000 0.0050937 
PonAbe_chrY_LOC129053427_-_129053427_-_LOC129053427_CDS__reversed_              0.0467704 0.0451937 0.0467704 0.0466513 0.0482319 0.0436974 0.0451479 0.0451428 0.0451366 0.0451479 0.0451315 0.0480301 0.0465869 0.0465806 0.0481728 0.0481728 0.0436289 0.0407125 0.0421908 0.0421438 0.0421908 0.0421908 0.0435849 0.0421438 0.0465253 0.0407125 0.0421438 0.0435849 0.0421908 0.0436779 0.0451166 0.0451737 0.0450152 0.0436289 0.0421485 0.0050949 0.0050937 0.0279359 0.0408890 0.0279098 0.0038148 0.0038139 0.0063778 0.0063778 0.0390588 0.0390642 0.0405188 0.0475392 0.0399236 0.0413684 0.0076730 0.0076724 0.0063768 0.0278906 0.0050941 0.0063845 0.0063850 0.0050937 0.0000000 
