19
GorGor_chrY_LOC129530301-exPG_16914474_nonP-closest-Q4.A-at-199039_nonC_t 0.0000000 0.0135068 0.0286383 0.0362589 0.0785406 0.1030956 0.0966302 0.0962027 0.1034066 0.0953939 0.0881161 0.0495112 0.2760614 0.2895069 0.2760546 0.3033803 0.2656833 0.2721306 0.3008801 
HomSap_chrY_CDY1_26434508_nonP-closest-Q12B-at-66643_nonC_t               0.0135068 0.0000000 0.0141194 0.0214479 0.0794231 0.1042679 0.0977480 0.0973123 0.1045875 0.0964826 0.0891311 0.0500132 0.3015997 0.3156681 0.3017284 0.3301979 0.2910962 0.2973323 0.3274601 
PanPan_chrY_LOC129395542-exPG_7871634_nonP-closest-Q22B-at-452392_nonC_t  0.0286383 0.0141194 0.0000000 0.0067923 0.1009462 0.1151441 0.1208604 0.1203398 0.1155224 0.1071992 0.1117259 0.0681073 0.3100489 0.3242993 0.3102267 0.3390263 0.2995315 0.3056839 0.3362174 
PanTro_chrY_LOC745547_5358723_nonP-closest-Q14B-at-988449_nonC_t          0.0362589 0.0214479 0.0067923 0.0000000 0.1108218 0.1250891 0.1313011 0.1307508 0.1255207 0.1170795 0.1220181 0.0766981 0.3246932 0.3393622 0.3249628 0.3545293 0.3140696 0.3201280 0.3515854 
PonAbe_chrY_LOC129053503_51692121_Q30B_C1_t                               0.0785406 0.0794231 0.1009462 0.1108218 0.0000000 0.0277615 0.0355080 0.0353403 0.0422120 0.0351109 0.0428411 0.0442253 0.3109860 0.3253248 0.3111703 0.3401345 0.3004080 0.3065865 0.3142143 
PonAbe_chrY_LOC129053476_45770263_Q20B_C1_t                               0.1030956 0.1042679 0.1151441 0.1250891 0.0277615 0.0000000 0.0346580 0.0344981 0.0134145 0.0203262 0.0418075 0.0670770 0.3273991 0.3421180 0.3276857 0.3573463 0.3167815 0.3228080 0.3309348 
PonAbe_chrY_LOC129053442_37080427_Q7B_C1_t                                0.0966302 0.0977480 0.1208604 0.1313011 0.0355080 0.0346580 0.0000000 0.0136015 0.0203262 0.0135221 0.0206139 0.0604058 0.3421821 0.3575052 0.3425743 0.3733505 0.3313274 0.3373378 0.3460703 
PonAbe_chrY_LOC129053440_35954132_Q5.1B_C1_t                              0.0962027 0.0973123 0.1203398 0.1307508 0.0353403 0.0344981 0.0136015 0.0000000 0.0202312 0.0134581 0.0066760 0.0601230 0.3418567 0.3572496 0.3422485 0.3731746 0.3309517 0.3369933 0.3457577 
PonAbe_chrY_LOC129053358_52467350_Q31B_C1_t                               0.1034066 0.1045875 0.1155224 0.1255207 0.0422120 0.0134145 0.0203262 0.0202312 0.0000000 0.0066230 0.0272465 0.0672361 0.3290320 0.3438335 0.3293302 0.3591437 0.3183748 0.3244074 0.3326102 
PonAbe_chrY_LOC129053145_56048677_Q36B_C1_t                               0.0953939 0.0964826 0.1071992 0.1170795 0.0351109 0.0203262 0.0135221 0.0134581 0.0066230 0.0000000 0.0203932 0.0596817 0.3187936 0.3333859 0.3190268 0.3484702 0.3081434 0.3142796 0.3221847 
PonPyg_chrY_LOC129025896_25891571_Q5.1A_C1_-                              0.0881161 0.0891311 0.1117259 0.1220181 0.0428411 0.0418075 0.0206139 0.0066760 0.0272465 0.0203932 0.0000000 0.0683115 0.3313274 0.3465029 0.3316475 0.3621933 0.3204254 0.3265748 0.3591257 
SymSyn_chrY_LOC129476678_19362995_Q6.1A_nonC_-                            0.0495112 0.0500132 0.0681073 0.0766981 0.0442253 0.0670770 0.0604058 0.0601230 0.0672361 0.0596817 0.0683115 0.0000000 0.2810081 0.2943040 0.2810255 0.3080261 0.2708145 0.2770899 0.2836267 
GorGor_chr5_CDYL_22394017_NA_nonC_t                                       0.2760614 0.3015997 0.3100489 0.3246932 0.3109860 0.3273991 0.3421821 0.3418567 0.3290320 0.3187936 0.3313274 0.2810081 0.0000000 0.0273072 0.0345615 0.0344026 0.0275710 0.0129656 0.0491652 
HomSap_chr6_CDYL_4575080_NA_nonC_t                                        0.2895069 0.3156681 0.3242993 0.3393622 0.3253248 0.3421180 0.3575052 0.3572496 0.3438335 0.3333859 0.3465029 0.2943040 0.0273072 0.0000000 0.0064267 0.0063973 0.0129665 0.0273509 0.0264344 
PanPan_chr5_CDYL_19400677_NA_nonC_t                                       0.2760546 0.3017284 0.3102267 0.3249628 0.3111703 0.3276857 0.3425743 0.3422485 0.3293302 0.3190268 0.3316475 0.2810255 0.0345615 0.0064267 0.0000000 0.0129541 0.0196934 0.0346212 0.0334653 
PanTro_chr5_CDYL_10660151_NA_nonC_t                                       0.3033803 0.3301979 0.3390263 0.3545293 0.3401345 0.3573463 0.3733505 0.3731746 0.3591437 0.3484702 0.3621933 0.3080261 0.0344026 0.0063973 0.0129541 0.0000000 0.0196041 0.0344618 0.0333154 
PonAbe_chr5_CDYL_4587803_NA_nonC_t                                        0.2656833 0.2910962 0.2995315 0.3140696 0.3004080 0.3167815 0.3313274 0.3309517 0.3183748 0.3081434 0.3204254 0.2708145 0.0275710 0.0129665 0.0196934 0.0196041 0.0000000 0.0272735 0.0263624 
PonPyg_chr5_CDYL_4592538_NA_nonC_t                                        0.2721306 0.2973323 0.3056839 0.3201280 0.3065865 0.3228080 0.3373378 0.3369933 0.3244074 0.3142796 0.3265748 0.2770899 0.0129656 0.0273509 0.0346212 0.0344618 0.0272735 0.0000000 0.0343523 
SymSyn_chr23_CDYL_65930269_NA_nonC_-                                      0.3008801 0.3274601 0.3362174 0.3515854 0.3142143 0.3309348 0.3460703 0.3457577 0.3326102 0.3221847 0.3591257 0.2836267 0.0491652 0.0264344 0.0334653 0.0333154 0.0263624 0.0343523 0.0000000 
