12
HomSap_chrY_HSFY1_19436129_Q5A_nonC_t                                  0.0000000 0.0347974 0.0384628 0.0360057 0.0372389 0.0372523 0.0475736 0.0450751 0.0350851 0.0285740 0.0285454 0.0253588 
PonPyg_chrY_LOC129025837_31859828_nonP-closest-Q14A-at-123709_nonC_-   0.0347974 0.0000000 0.0034719 0.0011549 0.0023133 0.0023141 0.0407493 0.0484247 0.0383758 0.0318314 0.0317995 0.0286018 
PonPyg_chrY_LOC129025904_30564830_nonP-closest-Q12B-at-128475_nonC_t   0.0384628 0.0034719 0.0000000 0.0023123 0.0034714 0.0034726 0.0444206 0.0484247 0.0383758 0.0318314 0.0317995 0.0286018 
PonPyg_chrY_LOC129025967_38005344_nonP-closest-Q25.2B-at-127993_nonC_t 0.0360057 0.0011549 0.0023123 0.0000000 0.0011547 0.0011552 0.0419575 0.0484247 0.0383758 0.0318314 0.0317995 0.0286018 
PonAbe_chrY_LOC129053184_42690674_nonP-closest-Q16.2A-at-127319_nonC_- 0.0372389 0.0023133 0.0034714 0.0011547 0.0000000 0.0023138 0.0431945 0.0484247 0.0383758 0.0318314 0.0317995 0.0286018 
PonAbe_chrY_LOC129053487_48814026_nonP-closest-Q1.2B-at-17323_nonC_-   0.0372523 0.0023141 0.0034726 0.0011552 0.0023138 0.0000000 0.0432100 0.0518277 0.0417121 0.0351303 0.0350949 0.0318849 
SymSyn_chrY_LOC129476741_21345383_Q6.5B_nonC_t                         0.0475736 0.0407493 0.0444206 0.0419575 0.0431945 0.0432100 0.0000000 0.0614093 0.0545034 0.0446124 0.0478177 0.0446020 
GorGor_chrY_LOC129530208_41620825_nonP-closest-Q17.1A-at-287859_nonC_t 0.0450751 0.0484247 0.0484247 0.0484247 0.0484247 0.0518277 0.0614093 0.0000000 0.0284421 0.0156532 0.0219990 0.0188450 
GorGor_chrY_LOC129530236_19044257_nonP-closest-Q8B-at-70837_nonC_-     0.0350851 0.0383758 0.0383758 0.0383758 0.0383758 0.0417121 0.0545034 0.0284421 0.0000000 0.0124673 0.0062074 0.0093358 
GorGor_chrY_LOC129530237_18802999_nonP-closest-Q8A-at-72618_nonC_t     0.0285740 0.0318314 0.0318314 0.0318314 0.0318314 0.0351303 0.0446124 0.0156532 0.0124673 0.0000000 0.0061997 0.0030980 
GorGor_chrY_LOC129530294_17252746_Q5.1A_nonC_t                         0.0285454 0.0317995 0.0317995 0.0317995 0.0317995 0.0350949 0.0478177 0.0219990 0.0062074 0.0061997 0.0000000 0.0030950 
GorGor_chrY_LOC129530295_17487915_Q5.1B_nonC_-                         0.0253588 0.0286018 0.0286018 0.0286018 0.0286018 0.0318849 0.0446020 0.0188450 0.0093358 0.0030980 0.0030950 0.0000000 
