83
GorGor_chrY_LOC129530238_19671638_nonP-closest-Q10B-at-60465_nonC_-       0.0000000 0.0026022 0.0034722 0.0043435 0.0140631 0.0158437 0.0267276 0.0225557 0.0140534 0.0221846 0.0240270 0.0240495 0.0258619 0.0267975 0.0249513 0.0240435 0.0267195 0.0266908 0.0276182 0.0276182 0.0276182 0.0266990 0.0276182 0.0276182 0.0276182 0.0276182 0.0285793 0.0295225 0.0294708 0.0303827 0.0267195 0.0322350 0.0322350 0.0331573 0.0331573 0.0331573 0.0312973 0.0303785 0.0322350 0.0286025 0.0322164 0.0294547 0.0294547 0.0294547 0.0303726 0.0331561 0.0379536 0.0302573 0.0407060 0.0426185 0.0708322 0.0708322 0.0708322 0.0708322 0.0631784 0.0915043 0.0915043 0.0915043 0.0927198 0.0915043 0.0370337 0.0628566 0.2149273 0.2149273 0.2340135 0.2353902 0.2353902 0.2353902 0.2353902 0.2353902 0.2275802 0.2275802 0.2275802 0.2275802 0.2275802 0.2275802 0.4145503 0.4113861 0.4161359 0.4161359 0.4107438 0.4107438 0.4107438 
GorGor_chrY_LOC129530239_19625715_nonP-closest-Q10B-at-14542_nonC_-       0.0026022 0.0000000 0.0008649 0.0034690 0.0113908 0.0149385 0.0239792 0.0215568 0.0113829 0.0212613 0.0212901 0.0213100 0.0231134 0.0240415 0.0222077 0.0213046 0.0239718 0.0239462 0.0248669 0.0248669 0.0248669 0.0239535 0.0248669 0.0248669 0.0248669 0.0248669 0.0258182 0.0267538 0.0267071 0.0276143 0.0239718 0.0294553 0.0294553 0.0303724 0.0303724 0.0303724 0.0285243 0.0276106 0.0294553 0.0258391 0.0294384 0.0266925 0.0266925 0.0266925 0.0276052 0.0303713 0.0369230 0.0287068 0.0378708 0.0397703 0.0678128 0.0678128 0.0678128 0.0678128 0.0586748 0.0880614 0.0880614 0.0880614 0.0892659 0.0880614 0.0335151 0.0599819 0.2133075 0.2133075 0.2296730 0.2310401 0.2310401 0.2310401 0.2310401 0.2310401 0.2233622 0.2233622 0.2233622 0.2233622 0.2233622 0.2233622 0.4122943 0.4091397 0.4138747 0.4138747 0.4110782 0.4110782 0.4110782 
GorGor_chrY_LOC129530241_19694606_nonP-closest-Q10B-at-83433_nonC_-       0.0034722 0.0008649 0.0000000 0.0026000 0.0105074 0.0140501 0.0230751 0.0205612 0.0105002 0.0203613 0.0203889 0.0204079 0.0222090 0.0231350 0.0213046 0.0204028 0.0230680 0.0230433 0.0239622 0.0239622 0.0239622 0.0230504 0.0239622 0.0239622 0.0239622 0.0239622 0.0249106 0.0258440 0.0257989 0.0267050 0.0230680 0.0285428 0.0285428 0.0294586 0.0294586 0.0294586 0.0276137 0.0267014 0.0285428 0.0249308 0.0285265 0.0257849 0.0257849 0.0257849 0.0266961 0.0294575 0.0358972 0.0271639 0.0369431 0.0388391 0.0668356 0.0668356 0.0668356 0.0668356 0.0572156 0.0869555 0.0869555 0.0869555 0.0881569 0.0869555 0.0317983 0.0599819 0.2117177 0.2117177 0.2283370 0.2297017 0.2297017 0.2297017 0.2297017 0.2297017 0.2220616 0.2220616 0.2220616 0.2220616 0.2220616 0.2220616 0.4106166 0.4074677 0.4121943 0.4121943 0.4094006 0.4094006 0.4094006 
GorGor_chrY_LOC129530240_19648670_nonP-closest-Q10B-at-37497_nonC_-       0.0043435 0.0034690 0.0026000 0.0000000 0.0131631 0.0149396 0.0257950 0.0225557 0.0131541 0.0212629 0.0230998 0.0231213 0.0249297 0.0258622 0.0240213 0.0231155 0.0257871 0.0257594 0.0266841 0.0266841 0.0266841 0.0257673 0.0266841 0.0266841 0.0266841 0.0266841 0.0276413 0.0285814 0.0285314 0.0294413 0.0257871 0.0312887 0.0312887 0.0322087 0.0322087 0.0322087 0.0303538 0.0294373 0.0312887 0.0276638 0.0312707 0.0285159 0.0285159 0.0285159 0.0294315 0.0322076 0.0379536 0.0302573 0.0397361 0.0416432 0.0697825 0.0697825 0.0697825 0.0697825 0.0586819 0.0902950 0.0902950 0.0902950 0.0915058 0.0902950 0.0352426 0.0628566 0.2149540 0.2149540 0.2310591 0.2324291 0.2324291 0.2324291 0.2324291 0.2324291 0.2247104 0.2247104 0.2247104 0.2247104 0.2247104 0.2247104 0.4106664 0.4075170 0.4122443 0.4122443 0.4094503 0.4094503 0.4094503 
GorGor_chrY_LOC129530242_19717578_nonP-closest-Q10B-at-106405_nonC_-      0.0140631 0.0113908 0.0105074 0.0131631 0.0000000 0.0249001 0.0341582 0.0215522 0.0212662 0.0313816 0.0314251 0.0314548 0.0332924 0.0342486 0.0323680 0.0314469 0.0341478 0.0341109 0.0350569 0.0350569 0.0350569 0.0341214 0.0350569 0.0350569 0.0350569 0.0350569 0.0360450 0.0370095 0.0369441 0.0378691 0.0341478 0.0387634 0.0387634 0.0396973 0.0396973 0.0396973 0.0378105 0.0378636 0.0387634 0.0350948 0.0387409 0.0369238 0.0369238 0.0369238 0.0378562 0.0406883 0.0369150 0.0271639 0.0350196 0.0369043 0.0748877 0.0748877 0.0748877 0.0748877 0.0633230 0.0961045 0.0961045 0.0961045 0.0973343 0.0961045 0.0531525 0.0599819 0.2132462 0.2132462 0.2340841 0.2354614 0.2354614 0.2354614 0.2354614 0.2354614 0.2276465 0.2276465 0.2276465 0.2276465 0.2276465 0.2276465 0.4194090 0.4162205 0.4210069 0.4210069 0.4181846 0.4181846 0.4181846 
GorGor_chrY_LOC129530249_25725362_nonP-closest-Q13A-at-289492_nonC_-      0.0158437 0.0149385 0.0140501 0.0149396 0.0249001 0.0000000 0.0248250 0.0195116 0.0176219 0.0221080 0.0239883 0.0240107 0.0258202 0.0267541 0.0249110 0.0240047 0.0266764 0.0266478 0.0275737 0.0275737 0.0275737 0.0266559 0.0275737 0.0275737 0.0275737 0.0275737 0.0285330 0.0294747 0.0294231 0.0303335 0.0266764 0.0321827 0.0321827 0.0331035 0.0331035 0.0331035 0.0312467 0.0303294 0.0321827 0.0285562 0.0321642 0.0294071 0.0294071 0.0294071 0.0303234 0.0331023 0.0348165 0.0239996 0.0406393 0.0425486 0.0697380 0.0697380 0.0697380 0.0697380 0.0557327 0.0858066 0.0858066 0.0858066 0.0870044 0.0858066 0.0368858 0.0570168 0.2103378 0.2103378 0.2285495 0.2299154 0.2299154 0.2299154 0.2299154 0.2299154 0.2235890 0.2235890 0.2235890 0.2235890 0.2235890 0.2235890 0.4168991 0.4137133 0.4184953 0.4184953 0.4156733 0.4156733 0.4156733 
GorGor_chrY_LOC129530256_15477440_nonP-closest-Q2A-at-428101_nonC_t       0.0267276 0.0239792 0.0230751 0.0257950 0.0341582 0.0248250 0.0000000 0.0235346 0.0248983 0.0276651 0.0268203 0.0268455 0.0286697 0.0296142 0.0277528 0.0268388 0.0276681 0.0276383 0.0285690 0.0285690 0.0285690 0.0276468 0.0285690 0.0285690 0.0285690 0.0285690 0.0295344 0.0304812 0.0304277 0.0313421 0.0276681 0.0332002 0.0332002 0.0322867 0.0322867 0.0322867 0.0322593 0.0313378 0.0332002 0.0295585 0.0331811 0.0304111 0.0304111 0.0304111 0.0313316 0.0341240 0.0318446 0.0287148 0.0416991 0.0436180 0.0750287 0.0750287 0.0750287 0.0750287 0.0573101 0.0895518 0.0895518 0.0895518 0.0907653 0.0895518 0.0351945 0.0662544 0.2155519 0.2155519 0.2359690 0.2373521 0.2373521 0.2373521 0.2373521 0.2373521 0.2294708 0.2294708 0.2294708 0.2294708 0.2294708 0.2294708 0.4322090 0.4289645 0.4338351 0.4338351 0.4309722 0.4309722 0.4309722 
GorGor_chrY_LOC129530261_16137383_nonP-closest-Q2A-at-9455_nonC_-         0.0225557 0.0215568 0.0205612 0.0225557 0.0215522 0.0195116 0.0235346 0.0000000 0.0225676 0.0255828 0.0276896 0.0277184 0.0297379 0.0307850 0.0287225 0.0277107 0.0266081 0.0265765 0.0265930 0.0265930 0.0265930 0.0255781 0.0265930 0.0265930 0.0265930 0.0265930 0.0276530 0.0286945 0.0286389 0.0296468 0.0266081 0.0316850 0.0316850 0.0327045 0.0327045 0.0327045 0.0306491 0.0306578 0.0316850 0.0276701 0.0316648 0.0296351 0.0296351 0.0296351 0.0296067 0.0337340 0.0348182 0.0249918 0.0266034 0.0286497 0.0732917 0.0732917 0.0732917 0.0732917 0.0450008 0.0940717 0.0940717 0.0940717 0.0954350 0.0940717 0.0369147 0.0658659 0.2219764 0.2219764 0.2347843 0.2363157 0.2363157 0.2363157 0.2363157 0.2363157 0.2291112 0.2291112 0.2291112 0.2291112 0.2291112 0.2291112 0.4397076 0.4378958 0.4415238 0.4415238 0.4378958 0.4378958 0.4378958 
GorGor_chrY_LOC129530243_19602754_Q10B_nonC_-                             0.0140534 0.0113829 0.0105002 0.0131541 0.0212662 0.0176219 0.0248983 0.0225676 0.0000000 0.0203940 0.0203987 0.0204177 0.0222197 0.0231461 0.0213148 0.0204125 0.0212727 0.0194538 0.0203657 0.0203657 0.0203657 0.0194597 0.0203657 0.0203657 0.0203657 0.0203657 0.0231085 0.0240380 0.0221896 0.0230913 0.0212727 0.0267325 0.0267325 0.0276459 0.0276459 0.0276459 0.0258068 0.0248968 0.0267325 0.0231273 0.0267172 0.0239830 0.0239830 0.0239830 0.0248919 0.0276449 0.0359621 0.0164264 0.0351058 0.0369954 0.0707979 0.0707979 0.0707979 0.0707979 0.0558000 0.0892239 0.0892239 0.0892239 0.0904323 0.0892239 0.0335100 0.0600821 0.2134401 0.2134401 0.2297902 0.2311580 0.2311580 0.2311580 0.2311580 0.2311580 0.2234741 0.2234741 0.2234741 0.2234741 0.2234741 0.2234741 0.4211636 0.4179692 0.4227646 0.4227646 0.4199382 0.4199382 0.4199382 
GorGor_chrY_LOC129530266_16415999_Q2B_nonC_t                              0.0221846 0.0212613 0.0203613 0.0212629 0.0313816 0.0221080 0.0276651 0.0255828 0.0203940 0.0000000 0.0286553 0.0286823 0.0305117 0.0314608 0.0295919 0.0286751 0.0313685 0.0313347 0.0304043 0.0304043 0.0304043 0.0294786 0.0304043 0.0304043 0.0304043 0.0304043 0.0313758 0.0323274 0.0322705 0.0331877 0.0313685 0.0369441 0.0369441 0.0360248 0.0360248 0.0360248 0.0359941 0.0350657 0.0369441 0.0332803 0.0369227 0.0341312 0.0341312 0.0341312 0.0341235 0.0378747 0.0421456 0.0164012 0.0455183 0.0474549 0.0798853 0.0798853 0.0798853 0.0798853 0.0648149 0.0961043 0.0961043 0.0961043 0.0973341 0.0961043 0.0334839 0.0719646 0.2258490 0.2258490 0.2388723 0.2402621 0.2402621 0.2402621 0.2402621 0.2402621 0.2320900 0.2320900 0.2320900 0.2320900 0.2320900 0.2320900 0.4248054 0.4215876 0.4264180 0.4264180 0.4235736 0.4235736 0.4235736 
HomSap_chrY_RBMY1A1_22410130_Q7.3A_nonC_t                                 0.0240270 0.0212901 0.0203889 0.0230998 0.0314251 0.0239883 0.0268203 0.0276896 0.0203987 0.0286553 0.0000000 0.0017367 0.0017362 0.0026097 0.0043558 0.0034823 0.0176601 0.0176412 0.0185484 0.0185484 0.0185484 0.0176466 0.0185484 0.0185484 0.0185484 0.0185484 0.0194791 0.0203989 0.0203634 0.0212618 0.0176601 0.0230800 0.0230800 0.0239870 0.0239870 0.0239870 0.0221627 0.0212591 0.0230800 0.0194948 0.0230669 0.0203524 0.0203524 0.0203524 0.0212548 0.0239862 0.0370530 0.0256197 0.0313842 0.0332576 0.0678854 0.0678854 0.0678854 0.0678854 0.0527626 0.0882902 0.0882902 0.0882902 0.0894984 0.0882902 0.0283695 0.0570789 0.2122177 0.2122177 0.2288087 0.2301766 0.2301766 0.2315182 0.2315182 0.2315182 0.2225101 0.2225101 0.2225101 0.2225101 0.2225101 0.2225101 0.4228815 0.4196708 0.4244905 0.4244905 0.4216510 0.4216510 0.4216510 
HomSap_chrY_RBMY1B_22386600_Q7.1A_nonC_t                                  0.0240495 0.0213100 0.0204079 0.0231213 0.0314548 0.0240107 0.0268455 0.0277184 0.0204177 0.0286823 0.0017367 0.0000000 0.0017347 0.0026075 0.0043599 0.0034855 0.0176765 0.0176576 0.0185656 0.0185656 0.0185656 0.0176630 0.0185656 0.0185656 0.0185656 0.0185656 0.0194972 0.0204179 0.0203824 0.0212816 0.0176765 0.0231016 0.0231016 0.0240094 0.0240094 0.0240094 0.0221834 0.0212789 0.0231016 0.0195130 0.0230884 0.0203714 0.0203714 0.0203714 0.0212746 0.0240086 0.0370921 0.0272019 0.0314138 0.0332890 0.0679516 0.0679516 0.0679516 0.0679516 0.0542889 0.0894984 0.0894984 0.0894984 0.0907112 0.0894984 0.0266660 0.0600954 0.2141171 0.2141171 0.2290795 0.2304493 0.2304493 0.2317927 0.2317927 0.2317927 0.2227676 0.2227676 0.2227676 0.2227676 0.2227676 0.2227676 0.4206343 0.4174340 0.4222382 0.4222382 0.4194062 0.4194062 0.4194062 
HomSap_chrY_RBMY1D_22703948_Q7.3B_nonC_-                                  0.0258619 0.0231134 0.0222090 0.0249297 0.0332924 0.0258202 0.0286697 0.0297379 0.0222197 0.0305117 0.0017362 0.0017347 0.0000000 0.0008674 0.0061110 0.0052344 0.0194672 0.0194464 0.0203580 0.0203580 0.0203580 0.0194524 0.0203580 0.0203580 0.0203580 0.0203580 0.0212951 0.0222199 0.0221812 0.0230826 0.0194672 0.0249083 0.0249083 0.0258187 0.0258187 0.0258187 0.0239866 0.0230796 0.0249083 0.0213123 0.0248941 0.0221692 0.0221692 0.0221692 0.0230750 0.0258178 0.0391497 0.0272019 0.0332490 0.0351309 0.0699002 0.0699002 0.0699002 0.0699002 0.0542889 0.0905920 0.0905920 0.0905920 0.0918075 0.0905920 0.0300666 0.0600954 0.2156551 0.2156551 0.2317084 0.2330828 0.2330828 0.2344305 0.2344305 0.2344305 0.2253277 0.2253277 0.2253277 0.2253277 0.2253277 0.2253277 0.4239478 0.4207369 0.4255570 0.4255570 0.4227180 0.4227180 0.4227180 
HomSap_chrY_RBMY1E_22737692_Q7.3B_nonC_-                                  0.0267975 0.0240415 0.0231350 0.0258622 0.0342486 0.0267541 0.0296142 0.0307850 0.0231461 0.0314608 0.0026097 0.0026075 0.0008674 0.0000000 0.0069952 0.0061166 0.0203852 0.0203634 0.0212776 0.0212776 0.0212776 0.0203696 0.0212776 0.0212776 0.0212776 0.0212776 0.0222185 0.0231464 0.0231060 0.0240094 0.0203852 0.0258400 0.0258400 0.0267526 0.0267526 0.0267526 0.0249155 0.0240063 0.0258400 0.0222365 0.0258252 0.0230935 0.0230935 0.0230935 0.0240015 0.0267517 0.0402274 0.0272019 0.0342039 0.0360912 0.0709529 0.0709529 0.0709529 0.0709529 0.0542889 0.0918075 0.0918075 0.0918075 0.0930277 0.0918075 0.0318342 0.0600954 0.2175691 0.2175691 0.2333304 0.2347091 0.2347091 0.2360609 0.2360609 0.2360609 0.2269001 0.2269001 0.2269001 0.2269001 0.2269001 0.2269001 0.4262303 0.4230087 0.4278449 0.4278449 0.4249980 0.4249980 0.4249980 
HomSap_chrY_RBMY1F_23239128_Q7.7B_nonC_t                                  0.0249513 0.0222077 0.0213046 0.0240213 0.0323680 0.0249110 0.0277528 0.0287225 0.0213148 0.0295919 0.0043558 0.0043599 0.0061110 0.0069952 0.0000000 0.0008671 0.0185684 0.0185486 0.0194583 0.0194583 0.0194583 0.0185543 0.0194583 0.0194583 0.0194583 0.0194583 0.0203924 0.0213151 0.0212780 0.0221781 0.0185684 0.0240007 0.0240007 0.0249097 0.0249097 0.0249097 0.0230809 0.0221753 0.0240007 0.0204089 0.0239870 0.0212664 0.0212664 0.0212664 0.0221708 0.0249088 0.0370817 0.0271903 0.0323258 0.0342042 0.0689150 0.0689150 0.0689150 0.0689150 0.0542683 0.0905877 0.0905877 0.0905877 0.0918032 0.0905877 0.0283695 0.0600510 0.2140489 0.2140489 0.2290197 0.2303892 0.2303892 0.2317323 0.2317323 0.2317323 0.2227105 0.2227105 0.2227105 0.2227105 0.2227105 0.2227105 0.4233383 0.4201233 0.4249495 0.4249495 0.4221065 0.4221065 0.4221065 
HomSap_chrY_RBMY1J_22997071_Q7.7A_nonC_-                                  0.0240435 0.0213046 0.0204028 0.0231155 0.0314469 0.0240047 0.0268388 0.0277107 0.0204125 0.0286751 0.0034823 0.0034855 0.0052344 0.0061166 0.0008671 0.0000000 0.0176720 0.0176532 0.0185610 0.0185610 0.0185610 0.0176585 0.0185610 0.0185610 0.0185610 0.0185610 0.0194923 0.0204128 0.0203773 0.0212763 0.0176720 0.0230957 0.0230957 0.0240034 0.0240034 0.0240034 0.0221778 0.0212735 0.0230957 0.0195081 0.0230826 0.0203662 0.0203662 0.0203662 0.0212693 0.0240026 0.0370817 0.0271903 0.0314059 0.0332807 0.0679346 0.0679346 0.0679346 0.0679346 0.0542683 0.0894740 0.0894740 0.0894740 0.0906864 0.0894740 0.0266660 0.0600510 0.2140489 0.2140489 0.2290197 0.2303892 0.2303892 0.2317323 0.2317323 0.2317323 0.2227105 0.2227105 0.2227105 0.2227105 0.2227105 0.2227105 0.4233383 0.4201233 0.4249495 0.4249495 0.4221065 0.4221065 0.4221065 
PanPan_chrY_LOC129395525_32259993_Q7A_C3_-                                0.0267195 0.0239718 0.0230680 0.0257871 0.0341478 0.0266764 0.0276681 0.0266081 0.0212727 0.0313685 0.0176601 0.0176765 0.0194672 0.0203852 0.0185684 0.0176720 0.0000000 0.0034768 0.0061004 0.0061004 0.0061004 0.0052235 0.0061004 0.0061004 0.0061004 0.0061004 0.0034719 0.0043471 0.0060948 0.0087405 0.0000010 0.0069613 0.0069613 0.0078377 0.0078377 0.0078377 0.0060832 0.0052101 0.0069613 0.0034746 0.0069575 0.0096267 0.0096267 0.0096267 0.0087378 0.0078375 0.0338733 0.0256818 0.0203937 0.0222199 0.0697846 0.0697846 0.0697846 0.0697846 0.0455979 0.0871215 0.0871215 0.0871215 0.0883256 0.0871215 0.0114483 0.0513084 0.2203599 0.2203599 0.2341517 0.2355292 0.2355292 0.2355292 0.2355292 0.2355292 0.2277120 0.2277120 0.2277120 0.2277120 0.2277120 0.2277120 0.4174718 0.4142912 0.4190658 0.4190658 0.4162491 0.4162491 0.4162491 
PanPan_chrY_LOC129395732_27226925_Q12.1A_C3_-                             0.0266908 0.0239462 0.0230433 0.0257594 0.0341109 0.0266478 0.0276383 0.0265765 0.0194538 0.0313347 0.0176412 0.0176576 0.0194464 0.0203634 0.0185486 0.0176532 0.0034768 0.0000000 0.0043472 0.0043472 0.0043472 0.0034742 0.0043472 0.0043472 0.0043472 0.0043472 0.0069812 0.0078670 0.0061004 0.0069761 0.0034768 0.0104984 0.0104984 0.0113823 0.0113823 0.0113823 0.0096109 0.0087303 0.0104984 0.0069868 0.0104926 0.0096165 0.0096165 0.0096165 0.0087285 0.0113820 0.0317961 0.0256351 0.0203718 0.0221961 0.0697072 0.0697072 0.0697072 0.0697072 0.0455224 0.0870144 0.0870144 0.0870144 0.0882168 0.0870144 0.0130970 0.0513084 0.2200086 0.2200086 0.2338428 0.2352182 0.2352182 0.2352182 0.2352182 0.2352182 0.2274181 0.2274181 0.2274181 0.2274181 0.2274181 0.2274181 0.4168654 0.4136900 0.4184567 0.4184567 0.4156442 0.4156442 0.4156442 
PanPan_chrY_LOC129395562_31972820_Q7B_C3_t                                0.0276182 0.0248669 0.0239622 0.0266841 0.0350569 0.0275737 0.0285690 0.0265930 0.0203657 0.0304043 0.0185484 0.0185656 0.0203580 0.0212776 0.0194583 0.0185610 0.0061004 0.0043472 0.0000000 0.0000010 0.0000010 0.0008660 0.0000010 0.0000010 0.0000010 0.0000010 0.0026055 0.0034798 0.0017338 0.0026036 0.0061004 0.0113886 0.0113886 0.0122744 0.0122744 0.0122744 0.0104987 0.0078490 0.0113886 0.0078707 0.0113822 0.0105048 0.0105048 0.0105048 0.0096142 0.0122740 0.0318161 0.0256213 0.0212865 0.0231155 0.0707380 0.0707380 0.0707380 0.0707380 0.0455389 0.0892808 0.0892808 0.0892808 0.0904901 0.0892808 0.0131044 0.0541842 0.2217592 0.2217592 0.2368408 0.2382232 0.2382232 0.2382232 0.2382232 0.2382232 0.2303296 0.2303296 0.2303296 0.2303296 0.2303296 0.2303296 0.4191450 0.4159591 0.4207417 0.4207417 0.4179214 0.4179214 0.4179214 
PanPan_chrY_LOC129395756_23133260_Q15.6A_C3_-                             0.0276182 0.0248669 0.0239622 0.0266841 0.0350569 0.0275737 0.0285690 0.0265930 0.0203657 0.0304043 0.0185484 0.0185656 0.0203580 0.0212776 0.0194583 0.0185610 0.0061004 0.0043472 0.0000010 0.0000000 0.0000010 0.0008660 0.0000010 0.0000010 0.0000010 0.0000010 0.0026055 0.0034798 0.0017338 0.0026036 0.0061004 0.0113886 0.0113886 0.0122744 0.0122744 0.0122744 0.0104987 0.0078490 0.0113886 0.0078707 0.0113822 0.0105048 0.0105048 0.0105048 0.0096142 0.0122740 0.0318161 0.0256213 0.0212865 0.0231155 0.0707380 0.0707380 0.0707380 0.0707380 0.0455389 0.0892808 0.0892808 0.0892808 0.0904901 0.0892808 0.0131044 0.0541842 0.2217592 0.2217592 0.2368408 0.2382232 0.2382232 0.2382232 0.2382232 0.2382232 0.2303296 0.2303296 0.2303296 0.2303296 0.2303296 0.2303296 0.4191450 0.4159591 0.4207417 0.4207417 0.4179214 0.4179214 0.4179214 
PanPan_chrY_LOC129395770_20825312_Q18.5A_C3_-                             0.0276182 0.0248669 0.0239622 0.0266841 0.0350569 0.0275737 0.0285690 0.0265930 0.0203657 0.0304043 0.0185484 0.0185656 0.0203580 0.0212776 0.0194583 0.0185610 0.0061004 0.0043472 0.0000010 0.0000010 0.0000000 0.0008660 0.0000010 0.0000010 0.0000010 0.0000010 0.0026055 0.0034798 0.0017338 0.0026036 0.0061004 0.0113886 0.0113886 0.0122744 0.0122744 0.0122744 0.0104987 0.0078490 0.0113886 0.0078707 0.0113822 0.0105048 0.0105048 0.0105048 0.0096142 0.0122740 0.0318161 0.0256213 0.0212865 0.0231155 0.0707380 0.0707380 0.0707380 0.0707380 0.0455389 0.0892808 0.0892808 0.0892808 0.0904901 0.0892808 0.0131044 0.0541842 0.2217592 0.2217592 0.2368408 0.2382232 0.2382232 0.2382232 0.2382232 0.2382232 0.2303296 0.2303296 0.2303296 0.2303296 0.2303296 0.2303296 0.4191450 0.4159591 0.4207417 0.4207417 0.4179214 0.4179214 0.4179214 
PanPan_chrY_LOC129395611_18581135_Q20.1A_C3_-                             0.0266990 0.0239535 0.0230504 0.0257673 0.0341214 0.0266559 0.0276468 0.0255781 0.0194597 0.0294786 0.0176466 0.0176630 0.0194524 0.0203696 0.0185543 0.0176585 0.0052235 0.0034742 0.0008660 0.0008660 0.0008660 0.0000000 0.0008660 0.0008660 0.0008660 0.0008660 0.0034787 0.0043555 0.0026055 0.0034761 0.0052235 0.0105016 0.0105016 0.0113858 0.0113858 0.0113858 0.0096138 0.0087329 0.0105016 0.0069889 0.0104958 0.0096194 0.0096194 0.0096194 0.0087311 0.0113854 0.0307853 0.0240709 0.0203781 0.0222029 0.0697293 0.0697293 0.0697293 0.0697293 0.0440862 0.0881322 0.0881322 0.0881322 0.0893379 0.0881322 0.0131044 0.0513084 0.2200086 0.2200086 0.2353649 0.2367439 0.2367439 0.2367439 0.2367439 0.2367439 0.2288963 0.2288963 0.2288963 0.2288963 0.2288963 0.2288963 0.4188752 0.4156920 0.4204705 0.4204705 0.4176524 0.4176524 0.4176524 
PanPan_chrY_LOC129395613_18557651_Q20.2A_C3_-                             0.0276182 0.0248669 0.0239622 0.0266841 0.0350569 0.0275737 0.0285690 0.0265930 0.0203657 0.0304043 0.0185484 0.0185656 0.0203580 0.0212776 0.0194583 0.0185610 0.0061004 0.0043472 0.0000010 0.0000010 0.0000010 0.0008660 0.0000000 0.0000010 0.0000010 0.0000010 0.0026055 0.0034798 0.0017338 0.0026036 0.0061004 0.0113886 0.0113886 0.0122744 0.0122744 0.0122744 0.0104987 0.0078490 0.0113886 0.0078707 0.0113822 0.0105048 0.0105048 0.0105048 0.0096142 0.0122740 0.0318161 0.0256213 0.0212865 0.0231155 0.0707380 0.0707380 0.0707380 0.0707380 0.0455389 0.0892808 0.0892808 0.0892808 0.0904901 0.0892808 0.0131044 0.0541842 0.2217592 0.2217592 0.2368408 0.2382232 0.2382232 0.2382232 0.2382232 0.2382232 0.2303296 0.2303296 0.2303296 0.2303296 0.2303296 0.2303296 0.4191450 0.4159591 0.4207417 0.4207417 0.4179214 0.4179214 0.4179214 
PanPan_chrY_LOC129395618_18534441_Q20.3A_C3_-                             0.0276182 0.0248669 0.0239622 0.0266841 0.0350569 0.0275737 0.0285690 0.0265930 0.0203657 0.0304043 0.0185484 0.0185656 0.0203580 0.0212776 0.0194583 0.0185610 0.0061004 0.0043472 0.0000010 0.0000010 0.0000010 0.0008660 0.0000010 0.0000000 0.0000010 0.0000010 0.0026055 0.0034798 0.0017338 0.0026036 0.0061004 0.0113886 0.0113886 0.0122744 0.0122744 0.0122744 0.0104987 0.0078490 0.0113886 0.0078707 0.0113822 0.0105048 0.0105048 0.0105048 0.0096142 0.0122740 0.0318161 0.0256213 0.0212865 0.0231155 0.0707380 0.0707380 0.0707380 0.0707380 0.0455389 0.0892808 0.0892808 0.0892808 0.0904901 0.0892808 0.0131044 0.0541842 0.2217592 0.2217592 0.2368408 0.2382232 0.2382232 0.2382232 0.2382232 0.2382232 0.2303296 0.2303296 0.2303296 0.2303296 0.2303296 0.2303296 0.4191450 0.4159591 0.4207417 0.4207417 0.4179214 0.4179214 0.4179214 
PanPan_chrY_LOC129395757_22838971_Q15.6B_C3_t                             0.0276182 0.0248669 0.0239622 0.0266841 0.0350569 0.0275737 0.0285690 0.0265930 0.0203657 0.0304043 0.0185484 0.0185656 0.0203580 0.0212776 0.0194583 0.0185610 0.0061004 0.0043472 0.0000010 0.0000010 0.0000010 0.0008660 0.0000010 0.0000010 0.0000000 0.0000010 0.0026055 0.0034798 0.0017338 0.0026036 0.0061004 0.0113886 0.0113886 0.0122744 0.0122744 0.0122744 0.0104987 0.0078490 0.0113886 0.0078707 0.0113822 0.0105048 0.0105048 0.0105048 0.0096142 0.0122740 0.0318161 0.0256213 0.0212865 0.0231155 0.0707380 0.0707380 0.0707380 0.0707380 0.0455389 0.0892808 0.0892808 0.0892808 0.0904901 0.0892808 0.0131044 0.0541842 0.2217592 0.2217592 0.2368408 0.2382232 0.2382232 0.2382232 0.2382232 0.2382232 0.2303296 0.2303296 0.2303296 0.2303296 0.2303296 0.2303296 0.4191450 0.4159591 0.4207417 0.4207417 0.4179214 0.4179214 0.4179214 
PanPan_chrY_LOC129395771_20531077_Q18.5B_C3_t                             0.0276182 0.0248669 0.0239622 0.0266841 0.0350569 0.0275737 0.0285690 0.0265930 0.0203657 0.0304043 0.0185484 0.0185656 0.0203580 0.0212776 0.0194583 0.0185610 0.0061004 0.0043472 0.0000010 0.0000010 0.0000010 0.0008660 0.0000010 0.0000010 0.0000010 0.0000000 0.0026055 0.0034798 0.0017338 0.0026036 0.0061004 0.0113886 0.0113886 0.0122744 0.0122744 0.0122744 0.0104987 0.0078490 0.0113886 0.0078707 0.0113822 0.0105048 0.0105048 0.0105048 0.0096142 0.0122740 0.0318161 0.0256213 0.0212865 0.0231155 0.0707380 0.0707380 0.0707380 0.0707380 0.0455389 0.0892808 0.0892808 0.0892808 0.0904901 0.0892808 0.0131044 0.0541842 0.2217592 0.2217592 0.2368408 0.2382232 0.2382232 0.2382232 0.2382232 0.2382232 0.2303296 0.2303296 0.2303296 0.2303296 0.2303296 0.2303296 0.4191450 0.4159591 0.4207417 0.4207417 0.4179214 0.4179214 0.4179214 
PanPan_chrY_LOC129395776_29776779_Q9.1A_C3_-                              0.0285793 0.0258182 0.0249106 0.0276413 0.0360450 0.0285330 0.0295344 0.0276530 0.0231085 0.0313758 0.0194791 0.0194972 0.0212951 0.0222185 0.0203924 0.0194923 0.0034719 0.0069812 0.0026055 0.0026055 0.0026055 0.0034787 0.0026055 0.0026055 0.0026055 0.0026055 0.0000000 0.0008660 0.0026031 0.0052263 0.0034719 0.0087250 0.0087250 0.0096051 0.0096051 0.0096051 0.0078422 0.0052116 0.0087250 0.0052259 0.0087202 0.0114077 0.0114077 0.0114077 0.0105136 0.0096048 0.0349455 0.0272416 0.0222278 0.0240635 0.0718525 0.0718525 0.0718525 0.0718525 0.0470977 0.0905772 0.0905772 0.0905772 0.0917925 0.0905772 0.0131243 0.0541842 0.2239805 0.2239805 0.2387311 0.2401196 0.2401196 0.2401196 0.2401196 0.2401196 0.2321570 0.2321570 0.2321570 0.2321570 0.2321570 0.2321570 0.4219113 0.4187102 0.4235155 0.4235155 0.4206838 0.4206838 0.4206838 
PanPan_chrY_LOC129395777_29753578_Q9.2A_C3_-                              0.0295225 0.0267538 0.0258440 0.0285814 0.0370095 0.0294747 0.0304812 0.0286945 0.0240380 0.0323274 0.0203989 0.0204179 0.0222199 0.0231464 0.0213151 0.0204128 0.0043471 0.0078670 0.0034798 0.0034798 0.0034798 0.0043555 0.0034798 0.0034798 0.0034798 0.0034798 0.0008660 0.0000000 0.0034766 0.0061075 0.0043471 0.0096135 0.0096135 0.0104958 0.0104958 0.0104958 0.0087281 0.0060903 0.0096135 0.0061071 0.0096082 0.0123058 0.0123058 0.0123058 0.0114087 0.0104955 0.0360123 0.0272416 0.0231561 0.0249972 0.0729145 0.0729145 0.0729145 0.0729145 0.0470977 0.0917993 0.0917993 0.0917993 0.0930193 0.0917993 0.0148111 0.0541842 0.2259481 0.2259481 0.2403942 0.2417873 0.2417873 0.2417873 0.2417873 0.2417873 0.2337687 0.2337687 0.2337687 0.2337687 0.2337687 0.2337687 0.4242125 0.4210007 0.4258222 0.4258222 0.4229826 0.4229826 0.4229826 
PanPan_chrY_LOC129395778_29730086_Q9.3A_C3_-                              0.0294708 0.0267071 0.0257989 0.0285314 0.0369441 0.0294231 0.0304277 0.0286389 0.0221896 0.0322705 0.0203634 0.0203824 0.0221812 0.0231060 0.0212780 0.0203773 0.0060948 0.0061004 0.0017338 0.0017338 0.0017338 0.0026055 0.0017338 0.0017338 0.0017338 0.0017338 0.0026031 0.0034766 0.0000000 0.0043495 0.0060948 0.0113782 0.0113782 0.0122632 0.0122632 0.0122632 0.0104892 0.0078419 0.0113782 0.0078635 0.0113719 0.0105145 0.0105145 0.0122846 0.0113891 0.0122628 0.0318494 0.0272035 0.0213064 0.0249535 0.0727814 0.0727814 0.0727814 0.0727814 0.0470375 0.0916125 0.0916125 0.0916125 0.0928296 0.0916125 0.0131271 0.0541842 0.2253410 0.2253410 0.2398588 0.2412482 0.2412482 0.2412482 0.2412482 0.2412482 0.2332597 0.2332597 0.2332597 0.2332597 0.2332597 0.2332597 0.4231610 0.4199584 0.4247660 0.4247660 0.4219338 0.4219338 0.4219338 
PanPan_chrY_LOC129395779_29435508_Q9.3B_C3_t                              0.0303827 0.0276143 0.0267050 0.0294413 0.0378691 0.0303335 0.0313421 0.0296468 0.0230913 0.0331877 0.0212618 0.0212816 0.0230826 0.0240094 0.0221781 0.0212763 0.0087405 0.0069761 0.0026036 0.0026036 0.0026036 0.0034761 0.0026036 0.0026036 0.0026036 0.0026036 0.0052263 0.0061075 0.0043495 0.0000000 0.0087405 0.0140583 0.0140583 0.0149489 0.0149489 0.0149489 0.0131623 0.0104963 0.0140583 0.0105254 0.0140505 0.0131700 0.0131700 0.0131700 0.0122726 0.0149484 0.0349165 0.0287582 0.0240196 0.0258606 0.0737638 0.0737638 0.0737638 0.0737638 0.0484885 0.0927240 0.0927240 0.0927240 0.0939443 0.0927240 0.0147559 0.0600651 0.2269736 0.2269736 0.2412274 0.2426196 0.2426196 0.2426196 0.2426196 0.2426196 0.2345904 0.2345904 0.2345904 0.2345904 0.2345904 0.2345904 0.4224952 0.4192983 0.4240973 0.4240973 0.4212697 0.4212697 0.4212697 
PanPan_chrY_LOC129395540_25449086_Q12.14B_C3_t                            0.0267195 0.0239718 0.0230680 0.0257871 0.0341478 0.0266764 0.0276681 0.0266081 0.0212727 0.0313685 0.0176601 0.0176765 0.0194672 0.0203852 0.0185684 0.0176720 0.0000010 0.0034768 0.0061004 0.0061004 0.0061004 0.0052235 0.0061004 0.0061004 0.0061004 0.0061004 0.0034719 0.0043471 0.0060948 0.0087405 0.0000000 0.0069613 0.0069613 0.0078377 0.0078377 0.0078377 0.0060832 0.0052101 0.0069613 0.0034746 0.0069575 0.0096267 0.0096267 0.0096267 0.0087378 0.0078375 0.0338733 0.0256818 0.0203937 0.0222199 0.0697846 0.0697846 0.0697846 0.0697846 0.0455979 0.0871215 0.0871215 0.0871215 0.0883256 0.0871215 0.0114483 0.0513084 0.2203599 0.2203599 0.2341517 0.2355292 0.2355292 0.2355292 0.2355292 0.2355292 0.2277120 0.2277120 0.2277120 0.2277120 0.2277120 0.2277120 0.4174718 0.4142912 0.4190658 0.4190658 0.4162491 0.4162491 0.4162491 
PanPan_chrY_LOC129395558_34784065_Q5A_C3_-                                0.0322350 0.0294553 0.0285428 0.0312887 0.0387634 0.0321827 0.0332002 0.0316850 0.0267325 0.0369441 0.0230800 0.0231016 0.0249083 0.0258400 0.0240007 0.0230957 0.0069613 0.0104984 0.0113886 0.0113886 0.0113886 0.0105016 0.0113886 0.0113886 0.0113886 0.0113886 0.0087250 0.0096135 0.0113782 0.0140583 0.0069613 0.0000000 0.0000010 0.0008650 0.0008650 0.0008650 0.0043407 0.0052171 0.0017318 0.0069689 0.0052128 0.0149559 0.0149559 0.0149559 0.0140538 0.0113653 0.0390405 0.0256818 0.0249049 0.0267477 0.0746805 0.0746805 0.0746805 0.0746805 0.0455182 0.0926126 0.0926126 0.0926126 0.0938311 0.0926126 0.0180823 0.0513084 0.2267598 0.2267598 0.2408856 0.2422754 0.2422754 0.2422754 0.2422754 0.2422754 0.2342663 0.2342663 0.2342663 0.2342663 0.2342663 0.2342663 0.4242326 0.4210297 0.4258378 0.4258378 0.4230061 0.4230061 0.4230061 
PanPan_chrY_LOC129395739_26181667_Q12.9B_C3_t                             0.0322350 0.0294553 0.0285428 0.0312887 0.0387634 0.0321827 0.0332002 0.0316850 0.0267325 0.0369441 0.0230800 0.0231016 0.0249083 0.0258400 0.0240007 0.0230957 0.0069613 0.0104984 0.0113886 0.0113886 0.0113886 0.0105016 0.0113886 0.0113886 0.0113886 0.0113886 0.0087250 0.0096135 0.0113782 0.0140583 0.0069613 0.0000010 0.0000000 0.0008650 0.0008650 0.0008650 0.0043407 0.0052171 0.0017318 0.0069689 0.0052128 0.0149559 0.0149559 0.0149559 0.0140538 0.0113653 0.0390405 0.0256818 0.0249049 0.0267477 0.0746805 0.0746805 0.0746805 0.0746805 0.0455182 0.0926126 0.0926126 0.0926126 0.0938311 0.0926126 0.0180823 0.0513084 0.2267598 0.2267598 0.2408856 0.2422754 0.2422754 0.2422754 0.2422754 0.2422754 0.2342663 0.2342663 0.2342663 0.2342663 0.2342663 0.2342663 0.4242326 0.4210297 0.4258378 0.4258378 0.4230061 0.4230061 0.4230061 
PanPan_chrY_LOC129395720_18242344_Q20.4A_C3_t                             0.0331573 0.0303724 0.0294586 0.0322087 0.0396973 0.0331035 0.0322867 0.0327045 0.0276459 0.0360248 0.0239870 0.0240094 0.0258187 0.0267526 0.0249097 0.0240034 0.0078377 0.0113823 0.0122744 0.0122744 0.0122744 0.0113858 0.0122744 0.0122744 0.0122744 0.0122744 0.0096051 0.0104958 0.0122632 0.0149489 0.0078377 0.0008650 0.0008650 0.0000000 0.0000010 0.0000010 0.0052130 0.0060915 0.0025998 0.0078463 0.0060864 0.0158483 0.0158483 0.0158483 0.0149441 0.0122493 0.0380182 0.0256818 0.0258153 0.0276617 0.0756774 0.0756774 0.0756774 0.0756774 0.0455182 0.0937407 0.0937407 0.0937407 0.0949624 0.0937407 0.0197556 0.0513084 0.2267598 0.2267598 0.2408856 0.2422754 0.2422754 0.2422754 0.2422754 0.2422754 0.2342663 0.2342663 0.2342663 0.2342663 0.2342663 0.2342663 0.4226300 0.4194320 0.4242326 0.4242326 0.4214042 0.4214042 0.4214042 
PanPan_chrY_LOC129395726_17016306_Q20.6B_C3_-                             0.0331573 0.0303724 0.0294586 0.0322087 0.0396973 0.0331035 0.0322867 0.0327045 0.0276459 0.0360248 0.0239870 0.0240094 0.0258187 0.0267526 0.0249097 0.0240034 0.0078377 0.0113823 0.0122744 0.0122744 0.0122744 0.0113858 0.0122744 0.0122744 0.0122744 0.0122744 0.0096051 0.0104958 0.0122632 0.0149489 0.0078377 0.0008650 0.0008650 0.0000010 0.0000000 0.0000010 0.0052130 0.0060915 0.0025998 0.0078463 0.0060864 0.0158483 0.0158483 0.0158483 0.0149441 0.0122493 0.0380182 0.0256818 0.0258153 0.0276617 0.0756774 0.0756774 0.0756774 0.0756774 0.0455182 0.0937407 0.0937407 0.0937407 0.0949624 0.0937407 0.0197556 0.0513084 0.2267598 0.2267598 0.2408856 0.2422754 0.2422754 0.2422754 0.2422754 0.2422754 0.2342663 0.2342663 0.2342663 0.2342663 0.2342663 0.2342663 0.4226300 0.4194320 0.4242326 0.4242326 0.4214042 0.4214042 0.4214042 
PanPan_chrY_LOC129395729_16993365_Q20.11B_C3_-                            0.0331573 0.0303724 0.0294586 0.0322087 0.0396973 0.0331035 0.0322867 0.0327045 0.0276459 0.0360248 0.0239870 0.0240094 0.0258187 0.0267526 0.0249097 0.0240034 0.0078377 0.0113823 0.0122744 0.0122744 0.0122744 0.0113858 0.0122744 0.0122744 0.0122744 0.0122744 0.0096051 0.0104958 0.0122632 0.0149489 0.0078377 0.0008650 0.0008650 0.0000010 0.0000010 0.0000000 0.0052130 0.0060915 0.0025998 0.0078463 0.0060864 0.0158483 0.0158483 0.0158483 0.0149441 0.0122493 0.0380182 0.0256818 0.0258153 0.0276617 0.0756774 0.0756774 0.0756774 0.0756774 0.0455182 0.0937407 0.0937407 0.0937407 0.0949624 0.0937407 0.0197556 0.0513084 0.2267598 0.2267598 0.2408856 0.2422754 0.2422754 0.2422754 0.2422754 0.2422754 0.2342663 0.2342663 0.2342663 0.2342663 0.2342663 0.2342663 0.4226300 0.4194320 0.4242326 0.4242326 0.4214042 0.4214042 0.4214042 
PanPan_chrY_LOC129395722_17798006_Q20.6A_C3_-                             0.0312973 0.0285243 0.0276137 0.0303538 0.0378105 0.0312467 0.0322593 0.0306491 0.0258068 0.0359941 0.0221627 0.0221834 0.0239866 0.0249155 0.0230809 0.0221778 0.0060832 0.0096109 0.0104987 0.0104987 0.0104987 0.0096138 0.0104987 0.0104987 0.0104987 0.0104987 0.0078422 0.0087281 0.0104892 0.0131623 0.0060832 0.0043407 0.0043407 0.0052130 0.0052130 0.0052130 0.0000000 0.0026018 0.0026011 0.0060899 0.0008649 0.0140575 0.0140575 0.0140575 0.0131581 0.0104773 0.0379821 0.0256818 0.0239833 0.0258214 0.0736426 0.0736426 0.0736426 0.0736426 0.0455182 0.0914268 0.0914268 0.0914268 0.0926411 0.0914268 0.0180948 0.0513084 0.2267658 0.2267658 0.2393110 0.2406967 0.2406967 0.2406967 0.2406967 0.2406967 0.2340873 0.2340873 0.2340873 0.2340873 0.2340873 0.2340873 0.4255379 0.4223332 0.4271440 0.4271440 0.4243116 0.4243116 0.4243116 
PanPan_chrY_LOC129395734_26933077_Q12.3A_C3_t                             0.0303785 0.0276106 0.0267014 0.0294373 0.0378636 0.0303294 0.0313378 0.0306578 0.0248968 0.0350657 0.0212591 0.0212789 0.0230796 0.0240063 0.0221753 0.0212735 0.0052101 0.0087303 0.0078490 0.0078490 0.0078490 0.0087329 0.0078490 0.0078490 0.0078490 0.0078490 0.0052116 0.0060903 0.0078419 0.0104963 0.0052101 0.0052171 0.0052171 0.0060915 0.0060915 0.0060915 0.0026018 0.0000000 0.0052171 0.0069709 0.0034717 0.0131684 0.0131684 0.0131684 0.0122711 0.0095966 0.0379931 0.0272416 0.0240165 0.0258572 0.0737504 0.0737504 0.0737504 0.0737504 0.0470574 0.0927036 0.0927036 0.0927036 0.0939233 0.0927036 0.0164181 0.0541842 0.2285379 0.2285379 0.2411403 0.2425317 0.2425317 0.2425317 0.2425317 0.2425317 0.2345086 0.2345086 0.2345086 0.2345086 0.2345086 0.2345086 0.4247193 0.4215122 0.4263265 0.4263265 0.4234915 0.4234915 0.4234915 
PanPan_chrY_LOC129395723_17504218_Q20.4B_C3_t                             0.0322350 0.0294553 0.0285428 0.0312887 0.0387634 0.0321827 0.0332002 0.0316850 0.0267325 0.0369441 0.0230800 0.0231016 0.0249083 0.0258400 0.0240007 0.0230957 0.0069613 0.0104984 0.0113886 0.0113886 0.0113886 0.0105016 0.0113886 0.0113886 0.0113886 0.0113886 0.0087250 0.0096135 0.0113782 0.0140583 0.0069613 0.0017318 0.0017318 0.0025998 0.0025998 0.0025998 0.0026011 0.0052171 0.0000000 0.0069689 0.0034708 0.0149559 0.0149559 0.0149559 0.0140538 0.0113653 0.0390405 0.0256818 0.0249049 0.0267477 0.0746805 0.0746805 0.0746805 0.0746805 0.0455182 0.0926126 0.0926126 0.0926126 0.0938311 0.0926126 0.0180823 0.0513084 0.2267598 0.2267598 0.2408856 0.2422754 0.2422754 0.2422754 0.2422754 0.2422754 0.2356182 0.2356182 0.2356182 0.2356182 0.2356182 0.2356182 0.4242326 0.4210297 0.4258378 0.4258378 0.4230061 0.4230061 0.4230061 
PanPan_chrY_LOC129395725_17460315_Q20.9A_C3_t                             0.0286025 0.0258391 0.0249308 0.0276638 0.0350948 0.0285562 0.0295585 0.0276701 0.0231273 0.0332803 0.0194948 0.0195130 0.0213123 0.0222365 0.0204089 0.0195081 0.0034746 0.0069868 0.0078707 0.0078707 0.0078707 0.0069889 0.0078707 0.0078707 0.0078707 0.0078707 0.0052259 0.0061071 0.0078635 0.0105254 0.0034746 0.0069689 0.0069689 0.0078463 0.0078463 0.0078463 0.0060899 0.0069709 0.0069689 0.0000000 0.0069651 0.0114169 0.0114169 0.0114169 0.0105220 0.0096125 0.0339586 0.0256818 0.0213094 0.0231403 0.0708166 0.0708166 0.0708166 0.0708166 0.0455182 0.0893909 0.0893909 0.0893909 0.0906019 0.0893909 0.0148159 0.0513084 0.2241509 0.2241509 0.2371545 0.2385390 0.2385390 0.2385390 0.2385390 0.2385390 0.2306280 0.2306280 0.2306280 0.2306280 0.2306280 0.2306280 0.4182664 0.4150783 0.4198636 0.4198636 0.4170417 0.4170417 0.4170417 
PanPan_chrY_LOC129395724_17483270_Q20.9A_C3_t                             0.0322164 0.0294384 0.0285265 0.0312707 0.0387409 0.0321642 0.0331811 0.0316648 0.0267172 0.0369227 0.0230669 0.0230884 0.0248941 0.0258252 0.0239870 0.0230826 0.0069575 0.0104926 0.0113822 0.0113822 0.0113822 0.0104958 0.0113822 0.0113822 0.0113822 0.0113822 0.0087202 0.0096082 0.0113719 0.0140505 0.0069575 0.0052128 0.0052128 0.0060864 0.0060864 0.0060864 0.0008649 0.0034717 0.0034708 0.0069651 0.0000000 0.0149475 0.0149475 0.0149475 0.0140459 0.0113590 0.0390153 0.0256818 0.0248907 0.0267324 0.0746347 0.0746347 0.0746347 0.0746347 0.0455182 0.0925487 0.0925487 0.0925487 0.0937662 0.0925487 0.0197690 0.0513084 0.2284194 0.2284194 0.2406918 0.2420802 0.2420802 0.2420802 0.2420802 0.2420802 0.2354330 0.2354330 0.2354330 0.2354330 0.2354330 0.2354330 0.4273002 0.4240894 0.4289093 0.4289093 0.4260728 0.4260728 0.4260728 
PanTro_chrY_LOC736145_15412683_Q10.3B_C3_t                                0.0294547 0.0266925 0.0257849 0.0285159 0.0369238 0.0294071 0.0304111 0.0296351 0.0239830 0.0341312 0.0203524 0.0203714 0.0221692 0.0230935 0.0212664 0.0203662 0.0096267 0.0096165 0.0105048 0.0105048 0.0105048 0.0096194 0.0105048 0.0105048 0.0105048 0.0105048 0.0114077 0.0123058 0.0105145 0.0131700 0.0096267 0.0149559 0.0149559 0.0158483 0.0158483 0.0158483 0.0140575 0.0131684 0.0149559 0.0114169 0.0149475 0.0000000 0.0000010 0.0017324 0.0096172 0.0158478 0.0348964 0.0287124 0.0158404 0.0194346 0.0727401 0.0727401 0.0727401 0.0727401 0.0483761 0.0902960 0.0902960 0.0902960 0.0915069 0.0902960 0.0081556 0.0598285 0.2162319 0.2162319 0.2338945 0.2352701 0.2352701 0.2352701 0.2352701 0.2352701 0.2274683 0.2274683 0.2274683 0.2274683 0.2274683 0.2274683 0.4203549 0.4171683 0.4219518 0.4219518 0.4191319 0.4191319 0.4191319 
PanTro_chrY_LOC736860_16443912_Q10.3A_C3_-                                0.0294547 0.0266925 0.0257849 0.0285159 0.0369238 0.0294071 0.0304111 0.0296351 0.0239830 0.0341312 0.0203524 0.0203714 0.0221692 0.0230935 0.0212664 0.0203662 0.0096267 0.0096165 0.0105048 0.0105048 0.0105048 0.0096194 0.0105048 0.0105048 0.0105048 0.0105048 0.0114077 0.0123058 0.0105145 0.0131700 0.0096267 0.0149559 0.0149559 0.0158483 0.0158483 0.0158483 0.0140575 0.0131684 0.0149559 0.0114169 0.0149475 0.0000010 0.0000000 0.0017324 0.0096172 0.0158478 0.0348964 0.0287124 0.0158404 0.0194346 0.0727401 0.0727401 0.0727401 0.0727401 0.0483761 0.0902960 0.0902960 0.0902960 0.0915069 0.0902960 0.0081556 0.0598285 0.2162319 0.2162319 0.2338945 0.2352701 0.2352701 0.2352701 0.2352701 0.2352701 0.2274683 0.2274683 0.2274683 0.2274683 0.2274683 0.2274683 0.4203549 0.4171683 0.4219518 0.4219518 0.4191319 0.4191319 0.4191319 
PanTro_chrY_LOC112208098_16149486_Q10.3A_C3_t                             0.0294547 0.0266925 0.0257849 0.0285159 0.0369238 0.0294071 0.0304111 0.0296351 0.0239830 0.0341312 0.0203524 0.0203714 0.0221692 0.0230935 0.0212664 0.0203662 0.0096267 0.0096165 0.0105048 0.0105048 0.0105048 0.0096194 0.0105048 0.0105048 0.0105048 0.0105048 0.0114077 0.0123058 0.0122846 0.0131700 0.0096267 0.0149559 0.0149559 0.0158483 0.0158483 0.0158483 0.0140575 0.0131684 0.0149559 0.0114169 0.0149475 0.0017324 0.0017324 0.0000000 0.0096172 0.0158478 0.0369509 0.0287124 0.0176260 0.0176422 0.0727401 0.0727401 0.0727401 0.0727401 0.0483761 0.0902960 0.0902960 0.0902960 0.0915069 0.0902960 0.0114485 0.0598285 0.2146113 0.2146113 0.2311851 0.2325555 0.2325555 0.2325555 0.2325555 0.2325555 0.2248315 0.2248315 0.2248315 0.2248315 0.2248315 0.2248315 0.4186075 0.4154270 0.4202014 0.4202014 0.4173856 0.4173856 0.4173856 
