17
HomSap_chrY_HSFY1_19436129_Q5A_nonC_t                                  0.0000000 0.0000010 0.0367579 0.0384801 0.0358752 0.0367348 0.0367348 0.0376212 0.0376212 0.0376275 0.0460851 0.0460851 0.0307910 0.0245491 0.0245467 0.0214099 0.0198753 
HomSap_chrY_HSFY2_19637916_Q5B_nonC_-                                  0.0000010 0.0000000 0.0367579 0.0384801 0.0358752 0.0367348 0.0367348 0.0376212 0.0376212 0.0376275 0.0460851 0.0460851 0.0307910 0.0245491 0.0245467 0.0214099 0.0198753 
PonPyg_chrY_LOC129025837_31859828_nonP-closest-Q14A-at-123709_nonC_-   0.0367579 0.0367579 0.0000000 0.0033095 0.0008265 0.0016533 0.0016533 0.0024819 0.0024819 0.0024823 0.0402911 0.0402911 0.0482910 0.0419140 0.0386948 0.0386798 0.0371221 
PonPyg_chrY_LOC129025904_30564830_nonP-closest-Q12B-at-128475_nonC_t   0.0384801 0.0384801 0.0033095 0.0000000 0.0024803 0.0016522 0.0016522 0.0024803 0.0024803 0.0024807 0.0429108 0.0429108 0.0466662 0.0403042 0.0403003 0.0370799 0.0355249 
PonPyg_chrY_LOC129025964_40237186_nonP-closest-Q27.2B-at-127218_nonC_t 0.0358752 0.0358752 0.0008265 0.0024803 0.0000000 0.0008260 0.0008260 0.0016534 0.0016534 0.0016536 0.0402981 0.0402981 0.0466662 0.0403042 0.0403003 0.0370799 0.0355249 
PonPyg_chrY_LOC129025967_38005344_nonP-closest-Q25.2B-at-127993_nonC_t 0.0367348 0.0367348 0.0016533 0.0016522 0.0008260 0.0000000 0.0000010 0.0008260 0.0008260 0.0008262 0.0411598 0.0411598 0.0466662 0.0403042 0.0403003 0.0370799 0.0355249 
PonAbe_chrY_LOC129053171_38381325_nonP-closest-Q10A-at-128446_nonC_-   0.0367348 0.0367348 0.0016533 0.0016522 0.0008260 0.0000010 0.0000000 0.0008260 0.0008260 0.0008262 0.0411598 0.0411598 0.0466662 0.0403042 0.0403003 0.0370799 0.0355249 
PonAbe_chrY_LOC129053184_42690674_nonP-closest-Q16.2A-at-127319_nonC_- 0.0376212 0.0376212 0.0024819 0.0024803 0.0016534 0.0008260 0.0008260 0.0000000 0.0000010 0.0016537 0.0420504 0.0420504 0.0466662 0.0403042 0.0403003 0.0370799 0.0355249 
PonAbe_chrY_LOC129053362_53211300_nonP-closest-Q7B-at-80767_nonC_t     0.0376212 0.0376212 0.0024819 0.0024803 0.0016534 0.0008260 0.0008260 0.0000010 0.0000000 0.0016537 0.0420504 0.0420504 0.0466662 0.0403042 0.0403003 0.0370799 0.0355249 
PonAbe_chrY_LOC129053487_48814026_nonP-closest-Q1.2B-at-17323_nonC_-   0.0376275 0.0376275 0.0024823 0.0024807 0.0016536 0.0008262 0.0008262 0.0016537 0.0016537 0.0000000 0.0420574 0.0420574 0.0483104 0.0419308 0.0419268 0.0386952 0.0371369 
SymSyn_chrY_LOC129476741_21345383_Q6.5B_nonC_t                         0.0460851 0.0460851 0.0402911 0.0429108 0.0402981 0.0411598 0.0411598 0.0420504 0.0420504 0.0420574 0.0000000 0.0000010 0.0547063 0.0498809 0.0466416 0.0466062 0.0450399 
SymSyn_chrY_LOC129476748_19426501_Q6.1A_nonC_-                         0.0460851 0.0460851 0.0402911 0.0429108 0.0402981 0.0411598 0.0411598 0.0420504 0.0420504 0.0420574 0.0000010 0.0000000 0.0547063 0.0498809 0.0466416 0.0466062 0.0450399 
GorGor_chrY_LOC129530208_41620825_nonP-closest-Q17.B-at-374283_nonC_t  0.0307910 0.0307910 0.0482910 0.0466662 0.0466662 0.0466662 0.0466662 0.0466662 0.0466662 0.0483104 0.0547063 0.0547063 0.0000000 0.0151813 0.0121149 0.0121061 0.0105901 
GorGor_chrY_LOC129530236_19044257_Q10.B_nonC_-                         0.0245491 0.0245491 0.0419140 0.0403042 0.0403042 0.0403042 0.0403042 0.0403042 0.0403042 0.0419308 0.0498809 0.0498809 0.0151813 0.0000000 0.0090780 0.0030113 0.0045231 
GorGor_chrY_LOC129530237_18802999_Q10.A_nonC_t                         0.0245467 0.0245467 0.0386948 0.0403003 0.0403003 0.0403003 0.0403003 0.0403003 0.0403003 0.0419268 0.0466416 0.0466416 0.0121149 0.0090780 0.0000000 0.0060325 0.0045227 
GorGor_chrY_LOC129530294_17252746_Q6.1.A_nonC_t                        0.0214099 0.0214099 0.0386798 0.0370799 0.0370799 0.0370799 0.0370799 0.0370799 0.0370799 0.0386952 0.0466062 0.0466062 0.0121061 0.0030113 0.0060325 0.0000000 0.0015030 
GorGor_chrY_LOC129530295_17487915_Q6.1.B_nonC_-                        0.0198753 0.0198753 0.0371221 0.0355249 0.0355249 0.0355249 0.0355249 0.0355249 0.0355249 0.0371369 0.0450399 0.0450399 0.0105901 0.0045231 0.0045227 0.0015030 0.0000000 
