44
GorGor_chrY_exPG_LOC129530301_-_129530301_-_LOC129530247_CDS            0.0000000 0.0050416 0.0031438 0.0012552 0.4052568 0.4009783 0.4025724 0.4064352 0.3972352 0.4008813 0.4072060 0.0198795 0.0192464 0.0199201 0.0205772 0.0485321 0.0185800 0.0192304 0.0146725 0.0165887 0.0575761 0.0534041 0.0562869 0.0576747 0.0547980 0.0562220 0.0567101 0.0554164 0.0554194 0.0553978 0.0540803 0.0541343 0.0772784 0.0568750 0.0533966 0.0554265 0.0570225 0.0562190 0.0568792 0.0569204 0.0561374 0.0561377 0.0568184 0.0540931 
GorGor_chrY_exPG_LOC129530299_-_129530299_-_LOC129530247_CDS            0.0050416 0.0000000 0.0044084 0.0037760 0.4080816 0.4037848 0.4053856 0.4092633 0.4000215 0.4036817 0.4100372 0.0225071 0.0218733 0.0225532 0.0232140 0.0527341 0.0212016 0.0218552 0.0172721 0.0191939 0.0611602 0.0569682 0.0598718 0.0612652 0.0569447 0.0583744 0.0604133 0.0589853 0.0589885 0.0589657 0.0562239 0.0577045 0.0799432 0.0604553 0.0569603 0.0589964 0.0606134 0.0597996 0.0604598 0.0605038 0.0597118 0.0597119 0.0603950 0.0576604 
GorGor_chrY_exPG_LOC129530297_-_129530297__reversed__-_LOC129530247_CDS 0.0031438 0.0044084 0.0000000 0.0018837 0.4029954 0.3987287 0.4003185 0.4041715 0.3949985 0.3986364 0.4049415 0.0205301 0.0198970 0.0205721 0.0212300 0.0506095 0.0192294 0.0198805 0.0153174 0.0172345 0.0597065 0.0555238 0.0584182 0.0598089 0.0555008 0.0569264 0.0589114 0.0575384 0.0575415 0.0575192 0.0547823 0.0562575 0.0772784 0.0590034 0.0555161 0.0575491 0.0591571 0.0583477 0.0590077 0.0590506 0.0582625 0.0582626 0.0589446 0.0562145 
GorGor_chrY_LOC129530247_-_129530247_-_LOC129530247_CDS__reversed_      0.0012552 0.0037760 0.0018837 0.0000000 0.4026833 0.3984192 0.4000080 0.4038589 0.3946917 0.3983276 0.4046285 0.0185706 0.0179380 0.0186086 0.0192639 0.0485184 0.0172742 0.0179230 0.0133778 0.0152911 0.0575596 0.0533888 0.0562708 0.0576581 0.0533665 0.0547867 0.0566933 0.0554005 0.0554035 0.0553820 0.0526509 0.0541188 0.0772784 0.0568587 0.0533813 0.0554107 0.0570061 0.0562028 0.0568629 0.0569040 0.0561213 0.0561216 0.0568022 0.0540776 
GorGor_chr5_CDYL_-_101136497_-_CDYL_CDS                                 0.4052568 0.4080816 0.4029954 0.4026833 0.0000000 0.0042539 0.0048649 0.0042550 0.0147626 0.0141179 0.0128835 0.4224833 0.4215299 0.4222135 0.4226014 0.4357309 0.4168049 0.4180251 0.4177597 0.4176433 0.4412783 0.4430773 0.4545590 0.4457459 0.4425816 0.4425443 0.4557776 0.4411521 0.4398021 0.4421324 0.4423509 0.4447379 0.4444447 0.4416126 0.4430124 0.4438183 0.4535986 0.4540396 0.4404644 0.4419017 0.4406634 0.4411878 0.4409933 0.4441855 
HomSap_chr6_CDYL_-_9425_-_CDYL_CDS                                      0.4009783 0.4037848 0.3987287 0.3984192 0.0042539 0.0000000 0.0042530 0.0036439 0.0141360 0.0122520 0.0116369 0.4181069 0.4171575 0.4178300 0.4182144 0.4312682 0.4124631 0.4136775 0.4134016 0.4132898 0.4367722 0.4385381 0.4499598 0.4412033 0.4380400 0.4380033 0.4510181 0.4366475 0.4353050 0.4376179 0.4378120 0.4401861 0.4348432 0.4371022 0.4384739 0.4392926 0.4490103 0.4494453 0.4359598 0.4373865 0.4361562 0.4366825 0.4364905 0.4396413 
PanPan_chr5_CDYL_-_100977728_-_CDYL_CDS                                 0.4025724 0.4053856 0.4003185 0.4000080 0.0048649 0.0042530 0.0000000 0.0018186 0.0147606 0.0128734 0.0116412 0.4197367 0.4187855 0.4194620 0.4198477 0.4304209 0.4140806 0.4152963 0.4150246 0.4149109 0.4384487 0.4402267 0.4516695 0.4428928 0.4397298 0.4396929 0.4527871 0.4383235 0.4369784 0.4392974 0.4395009 0.4418792 0.4309606 0.4387803 0.4401623 0.4409755 0.4507160 0.4511532 0.4376360 0.4390663 0.4378333 0.4383587 0.4381658 0.4413316 
PanTro_chr5_CDYL_-_462408_-_CDYL_CDS                                    0.4064352 0.4092633 0.4041715 0.4038589 0.0042550 0.0036439 0.0018186 0.0000000 0.0141397 0.0122552 0.0110239 0.4236822 0.4227263 0.4234135 0.4238022 0.4344280 0.4179957 0.4192172 0.4189546 0.4188371 0.4425041 0.4443112 0.4558042 0.4469794 0.4438155 0.4437781 0.4570657 0.4423775 0.4410261 0.4433600 0.4435842 0.4459746 0.4401092 0.4428393 0.4442462 0.4450483 0.4548412 0.4552836 0.4416901 0.4431297 0.4418898 0.4424134 0.4422183 0.4454203 
PonAbe_chr5_CDYL_-_100431626_-_CDYL_CDS                                 0.3972352 0.4000215 0.3949985 0.3946917 0.0147626 0.0141360 0.0147606 0.0141397 0.0000000 0.0024263 0.0160280 0.4131326 0.4121888 0.4128485 0.4132285 0.4245694 0.4075362 0.4087413 0.4095712 0.4094636 0.4347150 0.4381511 0.4478534 0.4391282 0.4359671 0.4359307 0.4514715 0.4345910 0.4332528 0.4355564 0.4357406 0.4397973 0.4260147 0.4350429 0.4380871 0.4372252 0.4469094 0.4473415 0.4339039 0.4353249 0.4357731 0.4346257 0.4344349 0.4392534 
PonPyg_chr5_CDYL_-_129039498_-_CDYL_CDS                                 0.4008813 0.4036817 0.3986364 0.3983276 0.0141179 0.0122520 0.0128734 0.0122552 0.0024263 0.0000000 0.0141322 0.4168487 0.4159024 0.4165708 0.4169536 0.4269823 0.4112251 0.4124350 0.4132779 0.4131659 0.4385478 0.4420187 0.4517578 0.4429883 0.4398283 0.4397914 0.4555220 0.4384226 0.4370786 0.4393949 0.4395996 0.4436748 0.4300923 0.4388781 0.4419541 0.4410725 0.4508051 0.4512420 0.4377357 0.4391641 0.4396146 0.4384578 0.4382650 0.4431247 
SymSyn_chr23_CDYL_-_129473299_-_CDYL_CDS__reversed_                     0.4072060 0.4100372 0.4049415 0.4046285 0.0128835 0.0116369 0.0116412 0.0110239 0.0160280 0.0141322 0.0000000 0.4259129 0.4249555 0.4256472 0.4260375 0.4313540 0.4202101 0.4214335 0.4223100 0.4221893 0.4420465 0.4438499 0.4541580 0.4465173 0.4433542 0.4433169 0.4551940 0.4419201 0.4405697 0.4429014 0.4431232 0.4455116 0.4304992 0.4423813 0.4437850 0.4419342 0.4531988 0.4536391 0.4412329 0.4426710 0.4414322 0.4419559 0.4392237 0.4449583 
PanTro_chrY_exPG_LOC129388401_-_129388401__reversed__-_LOC745547_CDS    0.0198795 0.0225071 0.0205301 0.0185706 0.4224833 0.4181069 0.4197367 0.4236822 0.4131326 0.4168487 0.4259129 0.0000000 0.0044043 0.0025113 0.0031413 0.0563929 0.0050328 0.0056647 0.0160096 0.0192381 0.0634782 0.0621849 0.0643813 0.0643314 0.0614189 0.0628638 0.0658184 0.0612884 0.0612918 0.0605654 0.0606899 0.0629322 0.0895848 0.0627693 0.0621762 0.0620389 0.0651325 0.0643037 0.0627739 0.0628198 0.0627602 0.0620200 0.0627063 0.0628835 
PanTro_crhY_LOC745547_-_745547_-_LOC745547_CDS                          0.0192464 0.0218733 0.0198970 0.0179380 0.4215299 0.4171575 0.4187855 0.4227263 0.4121888 0.4159024 0.4249555 0.0044043 0.0000000 0.0044133 0.0050473 0.0557424 0.0044057 0.0050376 0.0153759 0.0186047 0.0613742 0.0600793 0.0637201 0.0622210 0.0607592 0.0622037 0.0651354 0.0591915 0.0591947 0.0584705 0.0600305 0.0608237 0.0899103 0.0606669 0.0600709 0.0599388 0.0644708 0.0636432 0.0606714 0.0607157 0.0606579 0.0599207 0.0606061 0.0607768 
PanTro_chrY_LOC744070_-_744070_-_LOC745547_CDS__reversed_               0.0199201 0.0225532 0.0205721 0.0186086 0.4222135 0.4178300 0.4194620 0.4234135 0.4128485 0.4165708 0.4256472 0.0025113 0.0044133 0.0000000 0.0006253 0.0565117 0.0050430 0.0056762 0.0160423 0.0192774 0.0636138 0.0623179 0.0645193 0.0644692 0.0615503 0.0629983 0.0659641 0.0614191 0.0614225 0.0606946 0.0608196 0.0630670 0.0870638 0.0629034 0.0623092 0.0621714 0.0652722 0.0644414 0.0629080 0.0629541 0.0628942 0.0621524 0.0628401 0.0630181 
PanTro_chrY_LOC739157_-_739157_-_LOC745547_CDS                          0.0205772 0.0232140 0.0212300 0.0192639 0.4226014 0.4182144 0.4198477 0.4238022 0.4132285 0.4169536 0.4260375 0.0031413 0.0050473 0.0006253 0.0000000 0.0572264 0.0056774 0.0063113 0.0166959 0.0199341 0.0643452 0.0630494 0.0652541 0.0652032 0.0622803 0.0637303 0.0667245 0.0621473 0.0621507 0.0614217 0.0615486 0.0637998 0.0870638 0.0636340 0.0630406 0.0629009 0.0660083 0.0651753 0.0621964 0.0636854 0.0636248 0.0628817 0.0635699 0.0637503 
SymSyn_chrY_LOC129476678_-_129476678_-_LOC129476678_CDS__reversed_      0.0485321 0.0527341 0.0506095 0.0485184 0.4357309 0.4312682 0.4304209 0.4344280 0.4245694 0.4269823 0.4313540 0.0563929 0.0557424 0.0565117 0.0572264 0.0000000 0.0535881 0.0542866 0.0514553 0.0528194 0.0598847 0.0607673 0.0599817 0.0621292 0.0585700 0.0585684 0.0627582 0.0598386 0.0591403 0.0598187 0.0578445 0.0615126 0.0647365 0.0606116 0.0607588 0.0605798 0.0607248 0.0599092 0.0606160 0.0606602 0.0605682 0.0598658 0.0612535 0.0614651 
PanPan_chrY_exPG_LOC129395542_-_129395542_-_LOC129395731_CDS            0.0185800 0.0212016 0.0192294 0.0172742 0.4168049 0.4124631 0.4140806 0.4179957 0.4075362 0.4112251 0.4202101 0.0050328 0.0044057 0.0050430 0.0056774 0.0535881 0.0000000 0.0006254 0.0147154 0.0179391 0.0620547 0.0607606 0.0615032 0.0629033 0.0599971 0.0614389 0.0628410 0.0598702 0.0598734 0.0605867 0.0592699 0.0615057 0.0869742 0.0613470 0.0607521 0.0606183 0.0622497 0.0614289 0.0613515 0.0613963 0.0613380 0.0606000 0.0612855 0.0614582 
PanPan_chrY_LOC129395731_-_129395731                                    0.0192304 0.0218552 0.0198805 0.0179230 0.4180251 0.4136775 0.4152963 0.4192172 0.4087413 0.4124350 0.4214335 0.0056647 0.0050376 0.0056762 0.0063113 0.0542866 0.0006254 0.0000000 0.0153630 0.0185893 0.0627698 0.0614760 0.0622197 0.0636208 0.0607113 0.0621547 0.0635821 0.0605825 0.0605858 0.0612999 0.0599831 0.0622223 0.0869742 0.0620615 0.0614674 0.0613319 0.0629674 0.0621446 0.0620661 0.0621114 0.0620524 0.0613133 0.0619993 0.0621742 
HomSap_chrY_CDY1_-_9085_-_CDY1_CDS                                      0.0146725 0.0172721 0.0153174 0.0133778 0.4177597 0.4134016 0.4150246 0.4189546 0.4095712 0.4132779 0.4223100 0.0160096 0.0153759 0.0160423 0.0166959 0.0514553 0.0147154 0.0153630 0.0000000 0.0082440 0.0570020 0.0557432 0.0549714 0.0570998 0.0549893 0.0564185 0.0560836 0.0548397 0.0548426 0.0548212 0.0542690 0.0558149 0.0775732 0.0562998 0.0550711 0.0548497 0.0557062 0.0549048 0.0563040 0.0563449 0.0555615 0.0555619 0.0562438 0.0564366 
HomSap_chrY_CDY2A_-_9426_-_CDY2A_CDS                                    0.0165887 0.0191939 0.0172345 0.0152911 0.4176433 0.4132898 0.4149109 0.4188371 0.4094636 0.4131659 0.4221893 0.0192381 0.0186047 0.0192774 0.0199341 0.0528194 0.0179391 0.0185893 0.0082440 0.0000000 0.0598174 0.0592578 0.0614011 0.0613543 0.0578033 0.0592383 0.0627330 0.0590709 0.0590742 0.0590513 0.0570797 0.0599995 0.0824094 0.0605431 0.0592495 0.0590820 0.0621462 0.0613271 0.0605476 0.0605917 0.0597985 0.0597986 0.0604826 0.0599534 
PonPyg_chrY_exPG_LOC129025721_-_129025721_-_LOC129025889_CDS            0.0575761 0.0611602 0.0597065 0.0575596 0.4412783 0.4367722 0.4384487 0.4425041 0.4347150 0.4385478 0.4420465 0.0634782 0.0613742 0.0636138 0.0643452 0.0598847 0.0620547 0.0627698 0.0570020 0.0598174 0.0000000 0.0315321 0.0253289 0.0127680 0.0321862 0.0335414 0.0282148 0.0082223 0.0018863 0.0108075 0.0315059 0.0322201 0.0711534 0.0044140 0.0315277 0.0120987 0.0260034 0.0252982 0.0031495 0.0031516 0.0114555 0.0025169 0.0082201 0.0321966 
PonPyg_chrY_LOC129025917_-_129025917_-_LOC129025879_CDS__reversed_      0.0534041 0.0569682 0.0555238 0.0533888 0.4430773 0.4385381 0.4402267 0.4443112 0.4381511 0.4420187 0.4438499 0.0621849 0.0600793 0.0623179 0.0630494 0.0607673 0.0607606 0.0614760 0.0557432 0.0592578 0.0315321 0.0000000 0.0337176 0.0315844 0.0095568 0.0095575 0.0375960 0.0294948 0.0294963 0.0294842 0.0089123 0.0018918 0.0707444 0.0295118 0.0025258 0.0308459 0.0344125 0.0336766 0.0308647 0.0308861 0.0301727 0.0301741 0.0308328 0.0018905 
PonPyg_chrY_LOC129025903_-_129025903_-_LOC129025887_CDS                 0.0562869 0.0598718 0.0584182 0.0562708 0.4545590 0.4499598 0.4516695 0.4558042 0.4478534 0.4517578 0.4541580 0.0643813 0.0637201 0.0645193 0.0652541 0.0599817 0.0615032 0.0622197 0.0549714 0.0614011 0.0253289 0.0337176 0.0000000 0.0267022 0.0357364 0.0357391 0.0045828 0.0233284 0.0233296 0.0246438 0.0350483 0.0344123 0.0836361 0.0259974 0.0337129 0.0259837 0.0019001 0.0012640 0.0246711 0.0246880 0.0253199 0.0239952 0.0246459 0.0343870 
PonPyg_chrY_LOC129025902_-_129025902_-_LOC129025887_CDS                 0.0576747 0.0612652 0.0598089 0.0576581 0.4457459 0.4412033 0.4428928 0.4469794 0.4391282 0.4429883 0.4465173 0.0643314 0.0622210 0.0644692 0.0652032 0.0621292 0.0629033 0.0636208 0.0570998 0.0613543 0.0127680 0.0315844 0.0267022 0.0000000 0.0322396 0.0335971 0.0296438 0.0121167 0.0108295 0.0031539 0.0315582 0.0322736 0.0665146 0.0134161 0.0315800 0.0044226 0.0273799 0.0266699 0.0121256 0.0121337 0.0037887 0.0114748 0.0121134 0.0322501 
PonPyg_chrY_LOC129025901_-_129025901_-_LOC129025888_CDS                 0.0547980 0.0569447 0.0555008 0.0533665 0.4425816 0.4380400 0.4397298 0.4438155 0.4359671 0.4398283 0.4433542 0.0614189 0.0607592 0.0615503 0.0622803 0.0585700 0.0599971 0.0607113 0.0549893 0.0578033 0.0321862 0.0095568 0.0357364 0.0322396 0.0000000 0.0012611 0.0382727 0.0314948 0.0314964 0.0301368 0.0006301 0.0102034 0.0728210 0.0315130 0.0108561 0.0314995 0.0364340 0.0356930 0.0328700 0.0328929 0.0308259 0.0321765 0.0328360 0.0101963 
PonPyg_chrY_LOC129025898_-_129025898_-_LOC129025890_CDS__reversed_      0.0562220 0.0583744 0.0569264 0.0547867 0.4425443 0.4380033 0.4396929 0.4437781 0.4359307 0.4397914 0.4433169 0.0628638 0.0622037 0.0629983 0.0637303 0.0585684 0.0614389 0.0621547 0.0564185 0.0592383 0.0335414 0.0095575 0.0357391 0.0335971 0.0012611 0.0000000 0.0396909 0.0328476 0.0328494 0.0314860 0.0018927 0.0102041 0.0752310 0.0328667 0.0108568 0.0328526 0.0364368 0.0356957 0.0342272 0.0342510 0.0321774 0.0335313 0.0341917 0.0101971 
PonPyg_chrY_LOC129025896_-_129025896__reversed_                         0.0567101 0.0604133 0.0589114 0.0566933 0.4557776 0.4510181 0.4527871 0.4570657 0.4514715 0.4555220 0.4551940 0.0658184 0.0651354 0.0659641 0.0667245 0.0627582 0.0628410 0.0635821 0.0560836 0.0627330 0.0282148 0.0375960 0.0045828 0.0296438 0.0382727 0.0396909 0.0000000 0.0261390 0.0261404 0.0275020 0.0375601 0.0383183 0.0861832 0.0289085 0.0375906 0.0288928 0.0039243 0.0032629 0.0275334 0.0275529 0.0275020 0.0261404 0.0268213 0.0382891 
PonPyg_chrY_LOC129025890_-_129025890_-_LOC129025890_CDS__reversed_      0.0554164 0.0589853 0.0575384 0.0554005 0.4411521 0.4366475 0.4383235 0.4423775 0.4345910 0.4384226 0.4419201 0.0612884 0.0591915 0.0614191 0.0621473 0.0598386 0.0598702 0.0605825 0.0548397 0.0590709 0.0082223 0.0294948 0.0233284 0.0121167 0.0314948 0.0328476 0.0261390 0.0000000 0.0063106 0.0101610 0.0308158 0.0301792 0.0662123 0.0088612 0.0294907 0.0114497 0.0239995 0.0233001 0.0075864 0.0075914 0.0108076 0.0069466 0.0025145 0.0301574 
PonPyg_chrY_LOC129025889_-_129025889_-_LOC129025889_CDS__reversed_      0.0554194 0.0589885 0.0575415 0.0554035 0.4398021 0.4353050 0.4369784 0.4410261 0.4332528 0.4370786 0.4405697 0.0612918 0.0591947 0.0614225 0.0621507 0.0591403 0.0598734 0.0605858 0.0548426 0.0590742 0.0018863 0.0294963 0.0233296 0.0108295 0.0314964 0.0328494 0.0261404 0.0063106 0.0000000 0.0088813 0.0308174 0.0301808 0.0686827 0.0025169 0.0294922 0.0101665 0.0240007 0.0233013 0.0012571 0.0012580 0.0095257 0.0006279 0.0063089 0.0301590 
PonPyg_chrY_LOC129025882_-_129025882_-_LOC129025882_CDS                 0.0553978 0.0589657 0.0575192 0.0553820 0.4421324 0.4376179 0.4392974 0.4433600 0.4355564 0.4393949 0.4429014 0.0605654 0.0584705 0.0606946 0.0614217 0.0598187 0.0605867 0.0612999 0.0548212 0.0590513 0.0108075 0.0294842 0.0246438 0.0031539 0.0301368 0.0314860 0.0275020 0.0101610 0.0088813 0.0000000 0.0294598 0.0301685 0.0637528 0.0114515 0.0294802 0.0025167 0.0253167 0.0246140 0.0101684 0.0101752 0.0018865 0.0095225 0.0101583 0.0301466 
PonAbe_chrY_LOC129053503_-_129053503_-_LOC129053503_CDS                 0.0540803 0.0562239 0.0547823 0.0526509 0.4423509 0.4378120 0.4395009 0.4435842 0.4357406 0.4395996 0.4431232 0.0606899 0.0600305 0.0608196 0.0615486 0.0578445 0.0592699 0.0599831 0.0542690 0.0570797 0.0315059 0.0089123 0.0350483 0.0315582 0.0006301 0.0018927 0.0375601 0.0308158 0.0308174 0.0294598 0.0000000 0.0095588 0.0703646 0.0308336 0.0102100 0.0308203 0.0357448 0.0350057 0.0321887 0.0322111 0.0301476 0.0314964 0.0321554 0.0095521 
PonAbe_chrY_LOC129053496_-_129053496_-_LOC129053502_CDS__reversed_      0.0541343 0.0577045 0.0562575 0.0541188 0.4447379 0.4401861 0.4418792 0.4459746 0.4397973 0.4436748 0.4455116 0.0629322 0.0608237 0.0630670 0.0637998 0.0615126 0.0615057 0.0622223 0.0558149 0.0599995 0.0322201 0.0018918 0.0344123 0.0322736 0.0102034 0.0102041 0.0383183 0.0301792 0.0301808 0.0301685 0.0095588 0.0000000 0.0732699 0.0301967 0.0006301 0.0315326 0.0351086 0.0343704 0.0315518 0.0315737 0.0308583 0.0308598 0.0315192 0.0025229 
PonAbe_chrY_LOC129053492_-_129053492_-_LOC129053492_CDS__reversed_      0.0772784 0.0799432 0.0772784 0.0772784 0.4444447 0.4348432 0.4309606 0.4401092 0.4260147 0.4300923 0.4304992 0.0895848 0.0899103 0.0870638 0.0870638 0.0647365 0.0869742 0.0869742 0.0775732 0.0824094 0.0711534 0.0707444 0.0836361 0.0665146 0.0728210 0.0752310 0.0861832 0.0662123 0.0686827 0.0637528 0.0703646 0.0732699 0.0000000 0.0687559 0.0732699 0.0637528 0.0836361 0.0836361 0.0686827 0.0686827 0.0637528 0.0686827 0.0685971 0.0707444 
PonAbe_chrY_LOC129053476_-_129053476_-_LOC129053476_CDS                 0.0568750 0.0604553 0.0590034 0.0568587 0.4416126 0.4371022 0.4387803 0.4428393 0.4350429 0.4388781 0.4423813 0.0627693 0.0606669 0.0629034 0.0636340 0.0606116 0.0613470 0.0620615 0.0562998 0.0605431 0.0044140 0.0295118 0.0259974 0.0134161 0.0315130 0.0328667 0.0289085 0.0088612 0.0025169 0.0114515 0.0308336 0.0301967 0.0687559 0.0000000 0.0295077 0.0127446 0.0266730 0.0259659 0.0037822 0.0037847 0.0121006 0.0031484 0.0088588 0.0301748 
PonAbe_chrY_LOC129053453_-_129053453_-_LOC129053460_CDS__reversed_      0.0533966 0.0569603 0.0555161 0.0533813 0.4430124 0.4384739 0.4401623 0.4442462 0.4380871 0.4419541 0.4437850 0.0621762 0.0600709 0.0623092 0.0630406 0.0607588 0.0607521 0.0614674 0.0550711 0.0592495 0.0315277 0.0025258 0.0337129 0.0315800 0.0108561 0.0108568 0.0375906 0.0294907 0.0294922 0.0294802 0.0102100 0.0006301 0.0732699 0.0295077 0.0000000 0.0308416 0.0344078 0.0336719 0.0308604 0.0308818 0.0301685 0.0301700 0.0308285 0.0031580 
PonAbe_chrY_LOC129053442_-_129053442_-_LOC129053442_CDS                 0.0554265 0.0589964 0.0575491 0.0554107 0.4438183 0.4392926 0.4409755 0.4450483 0.4372252 0.4410725 0.4419342 0.0620389 0.0599388 0.0621714 0.0629009 0.0605798 0.0606183 0.0613319 0.0548497 0.0590820 0.0120987 0.0308459 0.0259837 0.0044226 0.0314995 0.0328526 0.0288928 0.0114497 0.0101665 0.0025167 0.0308203 0.0315326 0.0637528 0.0127446 0.0308416 0.0000000 0.0266590 0.0259523 0.0114581 0.0114657 0.0031492 0.0108097 0.0114466 0.0315097 
PonAbe_chrY_LOC129053440_-_129053440_-_LOC129053440_CDS                 0.0570225 0.0606134 0.0591571 0.0570061 0.4535986 0.4490103 0.4507160 0.4548412 0.4469094 0.4508051 0.4531988 0.0651325 0.0644708 0.0652722 0.0660083 0.0607248 0.0622497 0.0629674 0.0557062 0.0621462 0.0260034 0.0344125 0.0019001 0.0273799 0.0364340 0.0364368 0.0039243 0.0239995 0.0240007 0.0253167 0.0357448 0.0351086 0.0836361 0.0266730 0.0344078 0.0266590 0.0000000 0.0006314 0.0253447 0.0253621 0.0259942 0.0246675 0.0253189 0.0350828 
PonAbe_chrY_LOC129053439_-_129053439_-_LOC129053439_CDS__reversed_      0.0562190 0.0597996 0.0583477 0.0562028 0.4540396 0.4494453 0.4511532 0.4552836 0.4473415 0.4512420 0.4536391 0.0643037 0.0636432 0.0644414 0.0651753 0.0599092 0.0614289 0.0621446 0.0549048 0.0613271 0.0252982 0.0336766 0.0012640 0.0266699 0.0356930 0.0356957 0.0032629 0.0233001 0.0233013 0.0246140 0.0350057 0.0343704 0.0836361 0.0259659 0.0336719 0.0259523 0.0006314 0.0000000 0.0246412 0.0246581 0.0252893 0.0239662 0.0246161 0.0343452 
PonAbe_chrY_LOC129053358_-_129053358_-_LOC129053358_CDS                 0.0568792 0.0604598 0.0590077 0.0568629 0.4404644 0.4359598 0.4376360 0.4416901 0.4339039 0.4377357 0.4412329 0.0627739 0.0606714 0.0629080 0.0621964 0.0606160 0.0613515 0.0620661 0.0563040 0.0605476 0.0031495 0.0308647 0.0246711 0.0121256 0.0328700 0.0342272 0.0275334 0.0075864 0.0012571 0.0101684 0.0321887 0.0315518 0.0686827 0.0037822 0.0308604 0.0114581 0.0253447 0.0246412 0.0000000 0.0012572 0.0108154 0.0018871 0.0075844 0.0315288 
PonAbe_chrY_LOC129053357_-_129053357_-_LOC129053357_CDS__reversed_      0.0569204 0.0605038 0.0590506 0.0569040 0.4419017 0.4373865 0.4390663 0.4431297 0.4353249 0.4391641 0.4426710 0.0628198 0.0607157 0.0629541 0.0636854 0.0606602 0.0613963 0.0621114 0.0563449 0.0605917 0.0031516 0.0308861 0.0246880 0.0121337 0.0328929 0.0342510 0.0275529 0.0075914 0.0012580 0.0101752 0.0322111 0.0315737 0.0686827 0.0037847 0.0308818 0.0114657 0.0253621 0.0246581 0.0012572 0.0000000 0.0108227 0.0018883 0.0075894 0.0315507 
PonAbe_chrY_LOC129053199_-_129053199_-_LOC129053199_CDS                 0.0561374 0.0597118 0.0582625 0.0561213 0.4406634 0.4361562 0.4378333 0.4418898 0.4357731 0.4396146 0.4414322 0.0627602 0.0606579 0.0628942 0.0636248 0.0605682 0.0613380 0.0620524 0.0555615 0.0597985 0.0114555 0.0301727 0.0253199 0.0037887 0.0308259 0.0321774 0.0275020 0.0108076 0.0095257 0.0018865 0.0301476 0.0308583 0.0637528 0.0121006 0.0301685 0.0031492 0.0259942 0.0252893 0.0108154 0.0108227 0.0000000 0.0101681 0.0108047 0.0308359 
PonAbe_chrY_LOC129053180_-_129053180_-_LOC129053180_CDS                 0.0561377 0.0597119 0.0582626 0.0561216 0.4411878 0.4366825 0.4383587 0.4424134 0.4346257 0.4384578 0.4419559 0.0620200 0.0599207 0.0621524 0.0628817 0.0598658 0.0606000 0.0613133 0.0555619 0.0597986 0.0025169 0.0301741 0.0239952 0.0114748 0.0321765 0.0335313 0.0261404 0.0069466 0.0006279 0.0095225 0.0314964 0.0308598 0.0686827 0.0031484 0.0301700 0.0108097 0.0246675 0.0239662 0.0018871 0.0018883 0.0101681 0.0000000 0.0069448 0.0308374 
PonAbe_chrY_LOC129053145_-_129053145_-_LOC129053145_CDS                 0.0568184 0.0603950 0.0589446 0.0568022 0.4409933 0.4364905 0.4381658 0.4422183 0.4344349 0.4382650 0.4392237 0.0627063 0.0606061 0.0628401 0.0635699 0.0612535 0.0612855 0.0619993 0.0562438 0.0604826 0.0082201 0.0308328 0.0246459 0.0121134 0.0328360 0.0341917 0.0268213 0.0025145 0.0063089 0.0101583 0.0321554 0.0315192 0.0685971 0.0088588 0.0308285 0.0114466 0.0253189 0.0246161 0.0075844 0.0075894 0.0108047 0.0069448 0.0000000 0.0314963 
PonAbe_chrY_LOC129053139_-_129053139_-_LOC129053144_CDS__reversed_      0.0540931 0.0576604 0.0562145 0.0540776 0.4441855 0.4396413 0.4413316 0.4454203 0.4392534 0.4431247 0.4449583 0.0628835 0.0607768 0.0630181 0.0637503 0.0614651 0.0614582 0.0621742 0.0564366 0.0599534 0.0321966 0.0018905 0.0343870 0.0322501 0.0101963 0.0101971 0.0382891 0.0301574 0.0301590 0.0301466 0.0095521 0.0025229 0.0707444 0.0301748 0.0031580 0.0315097 0.0350828 0.0343452 0.0315288 0.0315507 0.0308359 0.0308374 0.0314963 0.0000000 
