76
_PonAbe_chrY_LOC129053402_-_129053402__reversed__-_LOC129053402_CDS 0.0000000 0.0000010 0.0026212 0.0039351 0.0039351 0.0052512 0.0052512 0.0052512 0.2361835 0.2364563 0.2401890 0.2423425 0.2343256 0.2343256 0.2395833 0.2395833 0.2933121 0.2933121 0.2551434 0.2933121 0.2933121 0.2387559 0.1866714 0.2387559 0.2387559 0.2369003 0.2350486 0.2652556 0.2350486 0.2395833 0.2395833 0.2334685 0.2334685 0.2316222 0.2316222 0.2334685 0.2334685 0.2316222 0.2358610 0.2209589 0.2454814 0.2241276 0.2420104 0.2256610 0.4365730 0.4341554 0.4389966 0.4389966 0.4341554 0.4341554 0.4341554 0.2411715 0.2411715 0.2508462 0.2408931 0.2408931 0.2408931 0.2408931 0.2489590 0.2505544 0.2527374 0.2524431 0.2454814 0.2489590 0.2489590 0.2408931 0.2486698 0.2508462 0.2408931 0.2408931 0.2408931 0.2408931 0.2433216 0.2454814 0.2449126 0.2451967 
_PonAbe_chrY_LOC129053437_-_129053437__reversed__-_LOC129053437_CDS 0.0000010 0.0000000 0.0026212 0.0039351 0.0039351 0.0052512 0.0052512 0.0052512 0.2361835 0.2364563 0.2401890 0.2423425 0.2343256 0.2343256 0.2395833 0.2395833 0.2933121 0.2933121 0.2551434 0.2933121 0.2933121 0.2387559 0.1866714 0.2387559 0.2387559 0.2369003 0.2350486 0.2652556 0.2350486 0.2395833 0.2395833 0.2334685 0.2334685 0.2316222 0.2316222 0.2334685 0.2334685 0.2316222 0.2358610 0.2209589 0.2454814 0.2241276 0.2420104 0.2256610 0.4365730 0.4341554 0.4389966 0.4389966 0.4341554 0.4341554 0.4341554 0.2411715 0.2411715 0.2508462 0.2408931 0.2408931 0.2408931 0.2408931 0.2489590 0.2505544 0.2527374 0.2524431 0.2454814 0.2489590 0.2489590 0.2408931 0.2486698 0.2508462 0.2408931 0.2408931 0.2408931 0.2408931 0.2433216 0.2454814 0.2449126 0.2451967 
_PonPyg_chrY_LOC129025831_-_129025831__reversed__-_LOC129025831_CDS 0.0026212 0.0026212 0.0000000 0.0013083 0.0013083 0.0026188 0.0026188 0.0026188 0.2473799 0.2476756 0.2515583 0.2538108 0.2454477 0.2454477 0.2509035 0.2509035 0.2982585 0.2982585 0.2551434 0.2982585 0.2982585 0.2500068 0.1866714 0.2500068 0.2500068 0.2480771 0.2461516 0.2713152 0.2461516 0.2509035 0.2509035 0.2445204 0.2445204 0.2426007 0.2426007 0.2445204 0.2445204 0.2406851 0.2470321 0.2209589 0.2550979 0.2348797 0.2515050 0.2288222 0.4411997 0.4387077 0.4436980 0.4436980 0.4387077 0.4387077 0.4387077 0.2525433 0.2525433 0.2626210 0.2522417 0.2522417 0.2522417 0.2522417 0.2606573 0.2603439 0.2626210 0.2623048 0.2570514 0.2606573 0.2606573 0.2522417 0.2603439 0.2626210 0.2522417 0.2522417 0.2522417 0.2522417 0.2547921 0.2570514 0.2564350 0.2567428 
_PonPyg_chrY_LOC129025850_-_129025850__reversed__-_LOC129025850_CDS 0.0039351 0.0039351 0.0013083 0.0000000 0.0000010 0.0039315 0.0039315 0.0039315 0.2493164 0.2496148 0.2535061 0.2557657 0.2473799 0.2473799 0.2528457 0.2528457 0.2982585 0.2982585 0.2551434 0.2982585 0.2982585 0.2519408 0.1866714 0.2519408 0.2519408 0.2500068 0.2480771 0.2741315 0.2480771 0.2528457 0.2528457 0.2464444 0.2464444 0.2445204 0.2445204 0.2464444 0.2464444 0.2426007 0.2489657 0.2209589 0.2570514 0.2348797 0.2534526 0.2316031 0.4436980 0.4411997 0.4462026 0.4462026 0.4411997 0.4411997 0.4411997 0.2544870 0.2544870 0.2645891 0.2541826 0.2541826 0.2541826 0.2541826 0.2626210 0.2623048 0.2645891 0.2642701 0.2590092 0.2626210 0.2626210 0.2541826 0.2623048 0.2645891 0.2541826 0.2541826 0.2541826 0.2541826 0.2567428 0.2590092 0.2583873 0.2586979 
_PonPyg_chrY_LOC129025851_-_129025851__reversed__-_LOC129025851_CDS 0.0039351 0.0039351 0.0013083 0.0000010 0.0000000 0.0039315 0.0039315 0.0039315 0.2493164 0.2496148 0.2535061 0.2557657 0.2473799 0.2473799 0.2528457 0.2528457 0.2982585 0.2982585 0.2551434 0.2982585 0.2982585 0.2519408 0.1866714 0.2519408 0.2519408 0.2500068 0.2480771 0.2741315 0.2480771 0.2528457 0.2528457 0.2464444 0.2464444 0.2445204 0.2445204 0.2464444 0.2464444 0.2426007 0.2489657 0.2209589 0.2570514 0.2348797 0.2534526 0.2316031 0.4436980 0.4411997 0.4462026 0.4462026 0.4411997 0.4411997 0.4411997 0.2544870 0.2544870 0.2645891 0.2541826 0.2541826 0.2541826 0.2541826 0.2626210 0.2623048 0.2645891 0.2642701 0.2590092 0.2626210 0.2626210 0.2541826 0.2623048 0.2645891 0.2541826 0.2541826 0.2541826 0.2541826 0.2567428 0.2590092 0.2583873 0.2586979 
_PonPyg_chrY_LOC129025867_-_129025867__reversed__-_LOC129025867_CDS 0.0052512 0.0052512 0.0026188 0.0039315 0.0039315 0.0000000 0.0000010 0.0000010 0.2512571 0.2515583 0.2554582 0.2577249 0.2493164 0.2493164 0.2528457 0.2528457 0.3005393 0.3005393 0.2587483 0.3005393 0.3005393 0.2519408 0.1866714 0.2519408 0.2519408 0.2500068 0.2480771 0.2741315 0.2480771 0.2528457 0.2528457 0.2464444 0.2464444 0.2445204 0.2445204 0.2464444 0.2464444 0.2426007 0.2489657 0.2243916 0.2570514 0.2367949 0.2534526 0.2316031 0.4436980 0.4411997 0.4462026 0.4462026 0.4411997 0.4411997 0.4411997 0.2544870 0.2544870 0.2645891 0.2541826 0.2541826 0.2541826 0.2541826 0.2626210 0.2623048 0.2645891 0.2642701 0.2590092 0.2626210 0.2626210 0.2541826 0.2623048 0.2645891 0.2541826 0.2541826 0.2541826 0.2541826 0.2567428 0.2590092 0.2583873 0.2586979 
_PonPyg_chrY_LOC129025935_-_129025935__reversed__-_LOC129025935_CDS 0.0052512 0.0052512 0.0026188 0.0039315 0.0039315 0.0000010 0.0000000 0.0000010 0.2512571 0.2515583 0.2554582 0.2577249 0.2493164 0.2493164 0.2528457 0.2528457 0.3005393 0.3005393 0.2587483 0.3005393 0.3005393 0.2519408 0.1866714 0.2519408 0.2519408 0.2500068 0.2480771 0.2741315 0.2480771 0.2528457 0.2528457 0.2464444 0.2464444 0.2445204 0.2445204 0.2464444 0.2464444 0.2426007 0.2489657 0.2243916 0.2570514 0.2367949 0.2534526 0.2316031 0.4436980 0.4411997 0.4462026 0.4462026 0.4411997 0.4411997 0.4411997 0.2544870 0.2544870 0.2645891 0.2541826 0.2541826 0.2541826 0.2541826 0.2626210 0.2623048 0.2645891 0.2642701 0.2590092 0.2626210 0.2626210 0.2541826 0.2623048 0.2645891 0.2541826 0.2541826 0.2541826 0.2541826 0.2567428 0.2590092 0.2583873 0.2586979 
_PonPyg_crhY_LOC129025866_-_129025866__reversed__-_LOC129025866_CDS 0.0052512 0.0052512 0.0026188 0.0039315 0.0039315 0.0000010 0.0000010 0.0000000 0.2512571 0.2515583 0.2554582 0.2577249 0.2493164 0.2493164 0.2528457 0.2528457 0.3005393 0.3005393 0.2587483 0.3005393 0.3005393 0.2519408 0.1866714 0.2519408 0.2519408 0.2500068 0.2480771 0.2741315 0.2480771 0.2528457 0.2528457 0.2464444 0.2464444 0.2445204 0.2445204 0.2464444 0.2464444 0.2426007 0.2489657 0.2243916 0.2570514 0.2367949 0.2534526 0.2316031 0.4436980 0.4411997 0.4462026 0.4462026 0.4411997 0.4411997 0.4411997 0.2544870 0.2544870 0.2645891 0.2541826 0.2541826 0.2541826 0.2541826 0.2626210 0.2623048 0.2645891 0.2642701 0.2590092 0.2626210 0.2626210 0.2541826 0.2623048 0.2645891 0.2541826 0.2541826 0.2541826 0.2541826 0.2567428 0.2590092 0.2583873 0.2586979 
HomSap_chrY_RBMY1A1_-_5940_-_RBMY1A1_CDS                            0.2361835 0.2361835 0.2473799 0.2493164 0.2493164 0.2512571 0.2512571 0.2512571 0.0000000 0.0025317 0.0025317 0.0038041 0.0025295 0.0012627 0.0740877 0.0740877 0.1153583 0.1153583 0.0934957 0.1153583 0.1153583 0.0231978 0.0139050 0.0231978 0.0231978 0.0258193 0.0231978 0.0340114 0.0231978 0.0740877 0.0740877 0.0258425 0.0258425 0.0258425 0.0245294 0.0258425 0.0245294 0.0284752 0.0312299 0.0251748 0.0285525 0.1474708 0.0339219 0.0255283 0.4568113 0.4543803 0.4592483 0.4592483 0.4543803 0.4543803 0.4543803 0.0231978 0.0231978 0.0297946 0.0218708 0.0218708 0.0218708 0.0218708 0.0311174 0.0284495 0.0297946 0.0297685 0.0245514 0.0311174 0.0311174 0.0231770 0.0271333 0.0297946 0.0218708 0.0218708 0.0218708 0.0218708 0.0232186 0.0245514 0.0245074 0.0258425 
HomSap_chrY_RBMY1B_-_378948_-_RBMY1B_CDS                            0.2364563 0.2364563 0.2476756 0.2496148 0.2496148 0.2515583 0.2515583 0.2515583 0.0025317 0.0000000 0.0025295 0.0038007 0.0025317 0.0012640 0.0741577 0.0741577 0.1172176 0.1172176 0.0965195 0.1172176 0.1172176 0.0232186 0.0174636 0.0232186 0.0232186 0.0258425 0.0232186 0.0340114 0.0232186 0.0741577 0.0741577 0.0258657 0.0258657 0.0258657 0.0245514 0.0258657 0.0245514 0.0285010 0.0312583 0.0277873 0.0285784 0.1476252 0.0339518 0.0275655 0.4537583 0.4513374 0.4561851 0.4561851 0.4513374 0.4513374 0.4513374 0.0232186 0.0232186 0.0298218 0.0218903 0.0218903 0.0218903 0.0218903 0.0311455 0.0284752 0.0298218 0.0297946 0.0245735 0.0311455 0.0311455 0.0231978 0.0271578 0.0298218 0.0218903 0.0218903 0.0218903 0.0218903 0.0232394 0.0245735 0.0245294 0.0258657 
HomSap_chrY_RBMY1D_-_378949_-_RBMY1D_CDS__reversed_                 0.2401890 0.2401890 0.2515583 0.2535061 0.2535061 0.2554582 0.2554582 0.2554582 0.0025317 0.0025295 0.0000000 0.0012640 0.0050719 0.0038007 0.0769920 0.0769920 0.1189506 0.1189506 0.0965195 0.1189506 0.1189506 0.0258425 0.0174636 0.0258425 0.0258425 0.0284752 0.0258425 0.0359459 0.0258425 0.0769920 0.0769920 0.0285010 0.0285010 0.0285010 0.0271823 0.0285010 0.0271823 0.0311455 0.0339219 0.0277873 0.0312299 0.1508737 0.0366278 0.0275655 0.4586178 0.4561851 0.4610565 0.4610565 0.4561851 0.4561851 0.4561851 0.0258425 0.0258425 0.0324711 0.0245074 0.0245074 0.0245074 0.0245074 0.0337990 0.0311174 0.0324711 0.0324418 0.0272068 0.0337990 0.0337990 0.0258193 0.0297946 0.0324711 0.0245074 0.0245074 0.0245074 0.0245074 0.0258657 0.0272068 0.0271578 0.0285010 
HomSap_chrY_RBMY1E_-_378950_-_RBMY1E_CDS__reversed_                 0.2423425 0.2423425 0.2538108 0.2557657 0.2557657 0.2577249 0.2577249 0.2577249 0.0038041 0.0038007 0.0012640 0.0000000 0.0063507 0.0050763 0.0784873 0.0784873 0.1208241 0.1208241 0.0965195 0.1208241 0.1208241 0.0271823 0.0174636 0.0271823 0.0271823 0.0298218 0.0271823 0.0379353 0.0271823 0.0784873 0.0784873 0.0298489 0.0298489 0.0298489 0.0285267 0.0298489 0.0285267 0.0325005 0.0352891 0.0277873 0.0325885 0.1526631 0.0380035 0.0296136 0.4616914 0.4592483 0.4641404 0.4641404 0.4592483 0.4592483 0.4592483 0.0271823 0.0271823 0.0338297 0.0258425 0.0258425 0.0258425 0.0258425 0.0351611 0.0324711 0.0338297 0.0337990 0.0285525 0.0351611 0.0351611 0.0271578 0.0311455 0.0338297 0.0258425 0.0258425 0.0258425 0.0258425 0.0272068 0.0285525 0.0285010 0.0298489 
HomSap_chrY_RBMY1F_-_159163_-_RBMY1F_CDS__reversed_                 0.2343256 0.2343256 0.2454477 0.2473799 0.2473799 0.2493164 0.2493164 0.2493164 0.0025295 0.0025317 0.0050719 0.0063507 0.0000000 0.0012627 0.0740877 0.0740877 0.1170854 0.1170854 0.0934957 0.1170854 0.1170854 0.0231978 0.0139050 0.0231978 0.0231978 0.0258193 0.0231978 0.0359459 0.0231978 0.0740877 0.0740877 0.0258425 0.0258425 0.0258425 0.0245294 0.0258425 0.0245294 0.0284752 0.0312299 0.0251748 0.0285525 0.1474708 0.0339219 0.0275271 0.4543803 0.4519553 0.4568113 0.4568113 0.4519553 0.4519553 0.4519553 0.0231978 0.0231978 0.0297946 0.0218708 0.0218708 0.0218708 0.0218708 0.0311174 0.0284495 0.0297946 0.0297685 0.0245514 0.0311174 0.0311174 0.0231770 0.0271333 0.0297946 0.0218708 0.0218708 0.0218708 0.0218708 0.0232186 0.0245514 0.0245074 0.0258425 
HomSap_chrY_RBMY1J_-_378951_-_RBMY1J_CDS                            0.2343256 0.2343256 0.2454477 0.2473799 0.2473799 0.2493164 0.2493164 0.2493164 0.0012627 0.0012640 0.0038007 0.0050763 0.0012627 0.0000000 0.0726757 0.0726757 0.1153583 0.1153583 0.0934957 0.1153583 0.1153583 0.0218903 0.0139050 0.0218903 0.0218903 0.0245074 0.0218903 0.0340114 0.0218903 0.0726757 0.0726757 0.0245294 0.0245294 0.0245294 0.0232186 0.0245294 0.0232186 0.0271578 0.0299030 0.0251748 0.0272313 0.1458532 0.0325885 0.0255283 0.4543803 0.4519553 0.4568113 0.4568113 0.4519553 0.4519553 0.4519553 0.0218903 0.0218903 0.0284752 0.0205668 0.0205668 0.0205668 0.0205668 0.0297946 0.0271333 0.0284752 0.0284495 0.0232394 0.0297946 0.0297946 0.0218708 0.0258193 0.0284752 0.0205668 0.0205668 0.0205668 0.0205668 0.0219099 0.0232394 0.0231978 0.0245294 
PonAbe_chrY_LOC129053464_-_129053464_-_LOC129053464_mRNA            0.2395833 0.2395833 0.2509035 0.2528457 0.2528457 0.2528457 0.2528457 0.2528457 0.0740877 0.0741577 0.0769920 0.0784873 0.0740877 0.0726757 0.0000000 0.0000010 0.1008567 0.1008567 0.0788487 0.1008567 0.1008567 0.0767536 0.0541711 0.0767536 0.0767536 0.0781699 0.0767536 0.0952474 0.0767536 0.0000010 0.0000010 0.0710466 0.0710466 0.0710466 0.0696442 0.0710466 0.0752688 0.0724515 0.0812411 0.0787036 0.0811640 0.1350597 0.0854522 0.0800611 0.4123587 0.4100536 0.4146692 0.4146692 0.4100536 0.4100536 0.4100536 0.0767536 0.0767536 0.0839404 0.0752688 0.0752688 0.0752688 0.0752688 0.0853709 0.0824342 0.0839404 0.0838607 0.0783180 0.0853709 0.0853709 0.0766812 0.0810102 0.0839404 0.0752688 0.0752688 0.0752688 0.0752688 0.0768261 0.0783180 0.0781699 0.0796642 
PonAbe_chrY_LOC129053479_-_129053479__reversed__-_LOC129053479_CDS  0.2395833 0.2395833 0.2509035 0.2528457 0.2528457 0.2528457 0.2528457 0.2528457 0.0740877 0.0741577 0.0769920 0.0784873 0.0740877 0.0726757 0.0000010 0.0000000 0.1008567 0.1008567 0.0788487 0.1008567 0.1008567 0.0767536 0.0541711 0.0767536 0.0767536 0.0781699 0.0767536 0.0952474 0.0767536 0.0000010 0.0000010 0.0710466 0.0710466 0.0710466 0.0696442 0.0710466 0.0752688 0.0724515 0.0812411 0.0787036 0.0811640 0.1350597 0.0854522 0.0800611 0.4123587 0.4100536 0.4146692 0.4146692 0.4100536 0.4100536 0.4100536 0.0767536 0.0767536 0.0839404 0.0752688 0.0752688 0.0752688 0.0752688 0.0853709 0.0824342 0.0839404 0.0838607 0.0783180 0.0853709 0.0853709 0.0766812 0.0810102 0.0839404 0.0752688 0.0752688 0.0752688 0.0752688 0.0768261 0.0783180 0.0781699 0.0796642 
SymSyn_chrY_LOC129476690_-_129476690_-_LOC129476690_CDS             0.2933121 0.2933121 0.2982585 0.2982585 0.2982585 0.3005393 0.3005393 0.3005393 0.1153583 0.1172176 0.1189506 0.1208241 0.1170854 0.1153583 0.1008567 0.1008567 0.0000000 0.0000010 0.0024591 0.0000010 0.0000010 0.1130919 0.0816458 0.1130919 0.1130919 0.1167869 0.1130919 0.1329296 0.1130919 0.1008567 0.1008567 0.1130919 0.1130919 0.1130919 0.1113818 0.1130919 0.1148067 0.1079710 0.1134746 0.0933203 0.1166559 0.1930326 0.1219757 0.1094753 0.4688393 0.4659903 0.4716958 0.4716958 0.4659903 0.4659903 0.4659903 0.1133471 0.1133471 0.1221141 0.1132195 0.1132195 0.1132195 0.1132195 0.1238531 0.1202427 0.1221141 0.1219757 0.1170519 0.1238531 0.1238531 0.1132195 0.1202427 0.1221141 0.1132195 0.1132195 0.1132195 0.1132195 0.1151954 0.1170519 0.1167869 0.1186466 
SymSyn_chrY_LOC129476701_-_129476701_-_LOC129476701_CDS             0.2933121 0.2933121 0.2982585 0.2982585 0.2982585 0.3005393 0.3005393 0.3005393 0.1153583 0.1172176 0.1189506 0.1208241 0.1170854 0.1153583 0.1008567 0.1008567 0.0000010 0.0000000 0.0024591 0.0000010 0.0000010 0.1130919 0.0816458 0.1130919 0.1130919 0.1167869 0.1130919 0.1329296 0.1130919 0.1008567 0.1008567 0.1130919 0.1130919 0.1130919 0.1113818 0.1130919 0.1148067 0.1079710 0.1134746 0.0933203 0.1166559 0.1930326 0.1219757 0.1094753 0.4688393 0.4659903 0.4716958 0.4716958 0.4659903 0.4659903 0.4659903 0.1133471 0.1133471 0.1221141 0.1132195 0.1132195 0.1132195 0.1132195 0.1238531 0.1202427 0.1221141 0.1219757 0.1170519 0.1238531 0.1238531 0.1132195 0.1202427 0.1221141 0.1132195 0.1132195 0.1132195 0.1132195 0.1151954 0.1170519 0.1167869 0.1186466 
SymSyn_chrY_LOC129476703_-_129476703__reversed__-_LOC129476703_CDS  0.2551434 0.2551434 0.2551434 0.2551434 0.2551434 0.2587483 0.2587483 0.2587483 0.0934957 0.0965195 0.0965195 0.0965195 0.0934957 0.0934957 0.0788487 0.0788487 0.0024591 0.0024591 0.0000000 0.0024591 0.0024591 0.0965195 0.0857920 0.0965195 0.0965195 0.1022457 0.0965195 0.1158796 0.0965195 0.0788487 0.0788487 0.0963378 0.0963378 0.0963378 0.0934957 0.0934957 0.0963378 0.0878415 0.0997548 0.0963378 0.1022457 0.1842877 0.1022457 0.1051241 0.4115390 0.4070628 0.4160374 0.4160374 0.4070628 0.4070628 0.4070628 0.0995658 0.0995658 0.0995658 0.0963378 0.0963378 0.0963378 0.0963378 0.0995658 0.0995658 0.0995658 0.0995658 0.0995658 0.0995658 0.0995658 0.0993775 0.0995658 0.0995658 0.0963378 0.0963378 0.0963378 0.0963378 0.0995658 0.0995658 0.0993775 0.1024399 
SymSyn_chrY_LOC129476739_-_129476739__reversed__-_LOC129476739_CDS  0.2933121 0.2933121 0.2982585 0.2982585 0.2982585 0.3005393 0.3005393 0.3005393 0.1153583 0.1172176 0.1189506 0.1208241 0.1170854 0.1153583 0.1008567 0.1008567 0.0000010 0.0000010 0.0024591 0.0000000 0.0000010 0.1130919 0.0816458 0.1130919 0.1130919 0.1167869 0.1130919 0.1329296 0.1130919 0.1008567 0.1008567 0.1130919 0.1130919 0.1130919 0.1113818 0.1130919 0.1148067 0.1079710 0.1134746 0.0933203 0.1166559 0.1930326 0.1219757 0.1094753 0.4688393 0.4659903 0.4716958 0.4716958 0.4659903 0.4659903 0.4659903 0.1133471 0.1133471 0.1221141 0.1132195 0.1132195 0.1132195 0.1132195 0.1238531 0.1202427 0.1221141 0.1219757 0.1170519 0.1238531 0.1238531 0.1132195 0.1202427 0.1221141 0.1132195 0.1132195 0.1132195 0.1132195 0.1151954 0.1170519 0.1167869 0.1186466 
SymSyn_chrY_LOC129476740_-_129476740__reversed__-_LOC129476740_CDS  0.2933121 0.2933121 0.2982585 0.2982585 0.2982585 0.3005393 0.3005393 0.3005393 0.1153583 0.1172176 0.1189506 0.1208241 0.1170854 0.1153583 0.1008567 0.1008567 0.0000010 0.0000010 0.0024591 0.0000010 0.0000000 0.1130919 0.0816458 0.1130919 0.1130919 0.1167869 0.1130919 0.1329296 0.1130919 0.1008567 0.1008567 0.1130919 0.1130919 0.1130919 0.1113818 0.1130919 0.1148067 0.1079710 0.1134746 0.0933203 0.1166559 0.1930326 0.1219757 0.1094753 0.4688393 0.4659903 0.4716958 0.4716958 0.4659903 0.4659903 0.4659903 0.1133471 0.1133471 0.1221141 0.1132195 0.1132195 0.1132195 0.1132195 0.1238531 0.1202427 0.1221141 0.1219757 0.1170519 0.1238531 0.1238531 0.1132195 0.1202427 0.1221141 0.1132195 0.1132195 0.1132195 0.1132195 0.1151954 0.1170519 0.1167869 0.1186466 
PanTro_chrY_LOC736145_-_736145_-_LOC736145_CDS                      0.2387559 0.2387559 0.2500068 0.2519408 0.2519408 0.2519408 0.2519408 0.2519408 0.0231978 0.0232186 0.0258425 0.0271823 0.0231978 0.0218903 0.0767536 0.0767536 0.1130919 0.1130919 0.0965195 0.1130919 0.1130919 0.0000000 0.0069374 0.0000010 0.0000010 0.0101659 0.0025199 0.0092094 0.0025199 0.0767536 0.0767536 0.0297328 0.0297328 0.0297328 0.0284161 0.0297328 0.0284161 0.0323743 0.0324327 0.0200387 0.0271258 0.1401099 0.0378547 0.0336036 0.4488262 0.4464278 0.4512304 0.4512304 0.4464278 0.4464278 0.4464278 0.0101839 0.0101839 0.0166328 0.0088955 0.0088955 0.0088955 0.0088955 0.0179283 0.0153269 0.0166328 0.0166188 0.0114868 0.0179283 0.0179283 0.0101749 0.0140380 0.0166328 0.0088955 0.0088955 0.0088955 0.0088955 0.0101929 0.0114868 0.0089034 0.0127625 
PanTro_chrY_LOC736159_-_736159__reversed__-_LOC736159_CDS           0.1866714 0.1866714 0.1866714 0.1866714 0.1866714 0.1866714 0.1866714 0.1866714 0.0139050 0.0174636 0.0174636 0.0174636 0.0139050 0.0139050 0.0541711 0.0541711 0.0816458 0.0816458 0.0857920 0.0816458 0.0816458 0.0069374 0.0000000 0.0069374 0.0069374 0.0139387 0.0069374 0.0000010 0.0069374 0.0541711 0.0541711 0.0246225 0.0246225 0.0246225 0.0246225 0.0246225 0.0246225 0.0210560 0.0283447 0.0175061 0.0175061 0.1387488 0.0320421 0.0282750 0.3599663 0.3599663 0.3599663 0.3599663 0.3599663 0.3599663 0.3658615 0.0104552 0.0104552 0.0104552 0.0069207 0.0069207 0.0069207 0.0069207 0.0104552 0.0104552 0.0104552 0.0104552 0.0104552 0.0104552 0.0104552 0.0104300 0.0104552 0.0104552 0.0069207 0.0069207 0.0069207 0.0069207 0.0104552 0.0104552 0.0104300 0.0139725 
PanTro_chrY_LOC736268_-_736268_-_LOC736268_CDS                      0.2387559 0.2387559 0.2500068 0.2519408 0.2519408 0.2519408 0.2519408 0.2519408 0.0231978 0.0232186 0.0258425 0.0271823 0.0231978 0.0218903 0.0767536 0.0767536 0.1130919 0.1130919 0.0965195 0.1130919 0.1130919 0.0000010 0.0069374 0.0000000 0.0000010 0.0101659 0.0025199 0.0092094 0.0025199 0.0767536 0.0767536 0.0297328 0.0297328 0.0297328 0.0284161 0.0297328 0.0284161 0.0323743 0.0324327 0.0200387 0.0271258 0.1401099 0.0378547 0.0336036 0.4488262 0.4464278 0.4512304 0.4512304 0.4464278 0.4464278 0.4464278 0.0101839 0.0101839 0.0166328 0.0088955 0.0088955 0.0088955 0.0088955 0.0179283 0.0153269 0.0166328 0.0166188 0.0114868 0.0179283 0.0179283 0.0101749 0.0140380 0.0166328 0.0088955 0.0088955 0.0088955 0.0088955 0.0101929 0.0114868 0.0089034 0.0127625 
PanTro_chrY_LOC736860_-_736860__reversed__-_LOC736860_CDS           0.2387559 0.2387559 0.2500068 0.2519408 0.2519408 0.2519408 0.2519408 0.2519408 0.0231978 0.0232186 0.0258425 0.0271823 0.0231978 0.0218903 0.0767536 0.0767536 0.1130919 0.1130919 0.0965195 0.1130919 0.1130919 0.0000010 0.0069374 0.0000010 0.0000000 0.0101659 0.0025199 0.0092094 0.0025199 0.0767536 0.0767536 0.0297328 0.0297328 0.0297328 0.0284161 0.0297328 0.0284161 0.0323743 0.0324327 0.0200387 0.0271258 0.1401099 0.0378547 0.0336036 0.4488262 0.4464278 0.4512304 0.4512304 0.4464278 0.4464278 0.4464278 0.0101839 0.0101839 0.0166328 0.0088955 0.0088955 0.0088955 0.0088955 0.0179283 0.0153269 0.0166328 0.0166188 0.0114868 0.0179283 0.0179283 0.0101749 0.0140380 0.0166328 0.0088955 0.0088955 0.0088955 0.0088955 0.0101929 0.0114868 0.0089034 0.0127625 
PanTro_chrY_LOC740336_-_740336__reversed__-_LOC740336_CDS           0.2369003 0.2369003 0.2480771 0.2500068 0.2500068 0.2500068 0.2500068 0.2500068 0.0258193 0.0258425 0.0284752 0.0298218 0.0258193 0.0245074 0.0781699 0.0781699 0.1167869 0.1167869 0.1022457 0.1167869 0.1167869 0.0101659 0.0139387 0.0101659 0.0101659 0.0000000 0.0101659 0.0129245 0.0101659 0.0781699 0.0781699 0.0323743 0.0323743 0.0323743 0.0310527 0.0323743 0.0310527 0.0350242 0.0350876 0.0251306 0.0297598 0.1449098 0.0391938 0.0397447 0.4464278 0.4440352 0.4488262 0.4488262 0.4440352 0.4440352 0.4440352 0.0101659 0.0101659 0.0166041 0.0088799 0.0088799 0.0088799 0.0088799 0.0178965 0.0152994 0.0166041 0.0165894 0.0114665 0.0178965 0.0178965 0.0101569 0.0140130 0.0166041 0.0088799 0.0088799 0.0088799 0.0088799 0.0101749 0.0114665 0.0114462 0.0127399 
PanTro_chrY_LOC100609298_-_100609298__reversed__-_LOC100609298_CDS  0.2350486 0.2350486 0.2461516 0.2480771 0.2480771 0.2480771 0.2480771 0.2480771 0.0231978 0.0232186 0.0258425 0.0271823 0.0231978 0.0218903 0.0767536 0.0767536 0.1130919 0.1130919 0.0965195 0.1130919 0.1130919 0.0025199 0.0069374 0.0025199 0.0025199 0.0101659 0.0000000 0.0129245 0.0000010 0.0767536 0.0767536 0.0297328 0.0297328 0.0297328 0.0284161 0.0297328 0.0284161 0.0323743 0.0324327 0.0200387 0.0271258 0.1401099 0.0378547 0.0336036 0.4464278 0.4440352 0.4488262 0.4488262 0.4440352 0.4440352 0.4440352 0.0101839 0.0101839 0.0166328 0.0088955 0.0088955 0.0088955 0.0088955 0.0179283 0.0153269 0.0166328 0.0166188 0.0114868 0.0179283 0.0179283 0.0101749 0.0140380 0.0166328 0.0088955 0.0088955 0.0088955 0.0088955 0.0101929 0.0114868 0.0114665 0.0127625 
PanTro_chrY_LOC100615847_-_100615847_-_LOC100615847_CDS             0.2652556 0.2652556 0.2713152 0.2741315 0.2741315 0.2741315 0.2741315 0.2741315 0.0340114 0.0340114 0.0359459 0.0379353 0.0359459 0.0340114 0.0952474 0.0952474 0.1329296 0.1329296 0.1158796 0.1329296 0.1329296 0.0092094 0.0000010 0.0092094 0.0092094 0.0129245 0.0129245 0.0000000 0.0129245 0.0952474 0.0952474 0.0416515 0.0416515 0.0416515 0.0397085 0.0416515 0.0397085 0.0435418 0.0396562 0.0256464 0.0358369 0.1650648 0.0397085 0.0503132 0.4881011 0.4844274 0.4917883 0.4917883 0.4844274 0.4844274 0.4881011 0.0129245 0.0129245 0.0185071 0.0129245 0.0129245 0.0129245 0.0129245 0.0203837 0.0185311 0.0185071 0.0204099 0.0148270 0.0203837 0.0203837 0.0147889 0.0185311 0.0185071 0.0129245 0.0129245 0.0129245 0.0129245 0.0129411 0.0148270 0.0129411 0.0147889 
PanTro_chrY_LOC112208098_-_112208098_-_LOC112208098_CDS             0.2350486 0.2350486 0.2461516 0.2480771 0.2480771 0.2480771 0.2480771 0.2480771 0.0231978 0.0232186 0.0258425 0.0271823 0.0231978 0.0218903 0.0767536 0.0767536 0.1130919 0.1130919 0.0965195 0.1130919 0.1130919 0.0025199 0.0069374 0.0025199 0.0025199 0.0101659 0.0000010 0.0129245 0.0000000 0.0767536 0.0767536 0.0297328 0.0297328 0.0297328 0.0284161 0.0297328 0.0284161 0.0323743 0.0324327 0.0200387 0.0271258 0.1401099 0.0378547 0.0336036 0.4464278 0.4440352 0.4488262 0.4488262 0.4440352 0.4440352 0.4440352 0.0101839 0.0101839 0.0166328 0.0088955 0.0088955 0.0088955 0.0088955 0.0179283 0.0153269 0.0166328 0.0166188 0.0114868 0.0179283 0.0179283 0.0101749 0.0140380 0.0166328 0.0088955 0.0088955 0.0088955 0.0088955 0.0101929 0.0114868 0.0114665 0.0127625 
PonPyg_chrY_LOC129025821_-_129025821_-_LOC129025821_CDS             0.2395833 0.2395833 0.2509035 0.2528457 0.2528457 0.2528457 0.2528457 0.2528457 0.0740877 0.0741577 0.0769920 0.0784873 0.0740877 0.0726757 0.0000010 0.0000010 0.1008567 0.1008567 0.0788487 0.1008567 0.1008567 0.0767536 0.0541711 0.0767536 0.0767536 0.0781699 0.0767536 0.0952474 0.0767536 0.0000000 0.0000010 0.0710466 0.0710466 0.0710466 0.0696442 0.0710466 0.0752688 0.0724515 0.0812411 0.0787036 0.0811640 0.1350597 0.0854522 0.0800611 0.4123587 0.4100536 0.4146692 0.4146692 0.4100536 0.4100536 0.4100536 0.0767536 0.0767536 0.0839404 0.0752688 0.0752688 0.0752688 0.0752688 0.0853709 0.0824342 0.0839404 0.0838607 0.0783180 0.0853709 0.0853709 0.0766812 0.0810102 0.0839404 0.0752688 0.0752688 0.0752688 0.0752688 0.0768261 0.0783180 0.0781699 0.0796642 
PonPyg_chrY_LOC129025833_-_129025833__reversed__-_LOC129025833_CDS  0.2395833 0.2395833 0.2509035 0.2528457 0.2528457 0.2528457 0.2528457 0.2528457 0.0740877 0.0741577 0.0769920 0.0784873 0.0740877 0.0726757 0.0000010 0.0000010 0.1008567 0.1008567 0.0788487 0.1008567 0.1008567 0.0767536 0.0541711 0.0767536 0.0767536 0.0781699 0.0767536 0.0952474 0.0767536 0.0000010 0.0000000 0.0710466 0.0710466 0.0710466 0.0696442 0.0710466 0.0752688 0.0724515 0.0812411 0.0787036 0.0811640 0.1350597 0.0854522 0.0800611 0.4123587 0.4100536 0.4146692 0.4146692 0.4100536 0.4100536 0.4100536 0.0767536 0.0767536 0.0839404 0.0752688 0.0752688 0.0752688 0.0752688 0.0853709 0.0824342 0.0839404 0.0838607 0.0783180 0.0853709 0.0853709 0.0766812 0.0810102 0.0839404 0.0752688 0.0752688 0.0752688 0.0752688 0.0768261 0.0783180 0.0781699 0.0796642 
GorGor_chrY_LOC129530238_-_129530238_-_LOC129530238_CDS__reversed_  0.2334685 0.2334685 0.2445204 0.2464444 0.2464444 0.2464444 0.2464444 0.2464444 0.0258425 0.0258657 0.0285010 0.0298489 0.0258425 0.0245294 0.0710466 0.0710466 0.1130919 0.1130919 0.0963378 0.1130919 0.1130919 0.0297328 0.0246225 0.0297328 0.0297328 0.0323743 0.0297328 0.0416515 0.0297328 0.0710466 0.0710466 0.0000000 0.0000010 0.0025199 0.0012589 0.0025199 0.0114259 0.0178806 0.0297058 0.0380798 0.0231291 0.1485887 0.0257889 0.0274898 0.4434344 0.4410518 0.4458228 0.4458228 0.4410518 0.4410518 0.4410518 0.0297328 0.0297328 0.0363854 0.0283905 0.0283905 0.0283905 0.0283905 0.0377166 0.0350242 0.0363854 0.0363524 0.0311081 0.0377166 0.0377166 0.0297058 0.0336981 0.0363854 0.0283905 0.0283905 0.0283905 0.0283905 0.0297598 0.0311081 0.0310527 0.0324035 
GorGor_chrY_LOC129530239_-_129530239_-_LOC129530239_CDS__reversed_  0.2334685 0.2334685 0.2445204 0.2464444 0.2464444 0.2464444 0.2464444 0.2464444 0.0258425 0.0258657 0.0285010 0.0298489 0.0258425 0.0245294 0.0710466 0.0710466 0.1130919 0.1130919 0.0963378 0.1130919 0.1130919 0.0297328 0.0246225 0.0297328 0.0297328 0.0323743 0.0297328 0.0416515 0.0297328 0.0710466 0.0710466 0.0000010 0.0000000 0.0025199 0.0012589 0.0025199 0.0114259 0.0178806 0.0297058 0.0380798 0.0231291 0.1485887 0.0257889 0.0274898 0.4434344 0.4410518 0.4458228 0.4458228 0.4410518 0.4410518 0.4410518 0.0297328 0.0297328 0.0363854 0.0283905 0.0283905 0.0283905 0.0283905 0.0377166 0.0350242 0.0363854 0.0363524 0.0311081 0.0377166 0.0377166 0.0297058 0.0336981 0.0363854 0.0283905 0.0283905 0.0283905 0.0283905 0.0297598 0.0311081 0.0310527 0.0324035 
GorGor_chrY_LOC129530240_-_129530240_-_LOC129530240_CDS__reversed_  0.2316222 0.2316222 0.2426007 0.2445204 0.2445204 0.2445204 0.2445204 0.2445204 0.0258425 0.0258657 0.0285010 0.0298489 0.0258425 0.0245294 0.0710466 0.0710466 0.1130919 0.1130919 0.0963378 0.1130919 0.1130919 0.0297328 0.0246225 0.0297328 0.0297328 0.0323743 0.0297328 0.0416515 0.0297328 0.0710466 0.0710466 0.0025199 0.0025199 0.0000000 0.0012589 0.0025199 0.0114259 0.0178806 0.0297058 0.0380798 0.0231291 0.1469738 0.0257889 0.0274898 0.4410518 0.4386749 0.4434344 0.4434344 0.4386749 0.4386749 0.4386749 0.0297328 0.0297328 0.0363854 0.0283905 0.0283905 0.0283905 0.0283905 0.0377166 0.0350242 0.0363854 0.0363524 0.0311081 0.0377166 0.0377166 0.0297058 0.0336981 0.0363854 0.0283905 0.0283905 0.0283905 0.0283905 0.0297598 0.0311081 0.0310527 0.0324035 
GorGor_chrY_LOC129530241_-_129530241_-_LOC129530241_CDS__reversed_  0.2316222 0.2316222 0.2426007 0.2445204 0.2445204 0.2445204 0.2445204 0.2445204 0.0245294 0.0245514 0.0271823 0.0285267 0.0245294 0.0232186 0.0696442 0.0696442 0.1113818 0.1113818 0.0934957 0.1113818 0.1113818 0.0284161 0.0246225 0.0284161 0.0284161 0.0310527 0.0284161 0.0397085 0.0284161 0.0696442 0.0696442 0.0012589 0.0012589 0.0012589 0.0000000 0.0012589 0.0101479 0.0165894 0.0283905 0.0354815 0.0218256 0.1469738 0.0244785 0.0254928 0.4410518 0.4386749 0.4434344 0.4434344 0.4386749 0.4386749 0.4386749 0.0284161 0.0284161 0.0350559 0.0270771 0.0270771 0.0270771 0.0270771 0.0363854 0.0336981 0.0350559 0.0350242 0.0297867 0.0363854 0.0363854 0.0283905 0.0323743 0.0350559 0.0270771 0.0270771 0.0270771 0.0270771 0.0284417 0.0297867 0.0297328 0.0310797 
GorGor_chrY_LOC129530242_-_129530242_-_LOC129530242_CDS__reversed_  0.2334685 0.2334685 0.2445204 0.2464444 0.2464444 0.2464444 0.2464444 0.2464444 0.0258425 0.0258657 0.0285010 0.0298489 0.0258425 0.0245294 0.0710466 0.0710466 0.1130919 0.1130919 0.0934957 0.1130919 0.1130919 0.0297328 0.0246225 0.0297328 0.0297328 0.0323743 0.0297328 0.0416515 0.0297328 0.0710466 0.0710466 0.0025199 0.0025199 0.0025199 0.0012589 0.0000000 0.0114259 0.0178806 0.0297058 0.0354815 0.0231291 0.1485887 0.0257889 0.0254928 0.4386749 0.4363039 0.4410518 0.4410518 0.4363039 0.4363039 0.4363039 0.0297328 0.0297328 0.0363854 0.0283905 0.0283905 0.0283905 0.0283905 0.0377166 0.0350242 0.0363854 0.0363524 0.0311081 0.0377166 0.0377166 0.0297058 0.0336981 0.0363854 0.0283905 0.0283905 0.0283905 0.0283905 0.0297598 0.0311081 0.0310527 0.0324035 
GorGor_chrY_LOC129530243_-_129530243_-_LOC129530243_CDS__reversed_  0.2334685 0.2334685 0.2445204 0.2464444 0.2464444 0.2464444 0.2464444 0.2464444 0.0245294 0.0245514 0.0271823 0.0285267 0.0245294 0.0232186 0.0752688 0.0752688 0.1148067 0.1148067 0.0963378 0.1148067 0.1148067 0.0284161 0.0246225 0.0284161 0.0284161 0.0310527 0.0284161 0.0397085 0.0284161 0.0752688 0.0752688 0.0114259 0.0114259 0.0114259 0.0101479 0.0114259 0.0000000 0.0191740 0.0283905 0.0277383 0.0218256 0.1518279 0.0218646 0.0215156 0.4518454 0.4494370 0.4542597 0.4542597 0.4494370 0.4494370 0.4494370 0.0284161 0.0284161 0.0350559 0.0244566 0.0244566 0.0244566 0.0244566 0.0363854 0.0336981 0.0350559 0.0350242 0.0297867 0.0363854 0.0363854 0.0257657 0.0323743 0.0350559 0.0244566 0.0244566 0.0244566 0.0244566 0.0284417 0.0297867 0.0271014 0.0284417 
GorGor_chrY_LOC129530249_-_129530249_-_LOC129530249_CDS__reversed_  0.2316222 0.2316222 0.2406851 0.2426007 0.2426007 0.2426007 0.2426007 0.2426007 0.0284752 0.0285010 0.0311455 0.0325005 0.0284752 0.0271578 0.0724515 0.0724515 0.1079710 0.1079710 0.0878415 0.1079710 0.1079710 0.0323743 0.0210560 0.0323743 0.0323743 0.0350242 0.0323743 0.0435418 0.0323743 0.0724515 0.0724515 0.0178806 0.0178806 0.0178806 0.0165894 0.0178806 0.0191740 0.0000000 0.0296533 0.0250863 0.0204877 0.1498936 0.0256966 0.0214567 0.4482530 0.4458480 0.4506638 0.4506638 0.4458480 0.4458480 0.4458480 0.0323743 0.0323743 0.0390517 0.0310247 0.0310247 0.0310247 0.0310247 0.0403881 0.0376833 0.0390517 0.0390163 0.0337590 0.0403881 0.0403881 0.0323451 0.0363524 0.0390517 0.0310247 0.0310247 0.0310247 0.0310247 0.0324035 0.0337590 0.0336981 0.0350559 
GorGor_chrY_LOC129530256_-_129530256_-_LOC129530256_CDS             0.2358610 0.2358610 0.2470321 0.2489657 0.2489657 0.2489657 0.2489657 0.2489657 0.0312299 0.0312583 0.0339219 0.0352891 0.0312299 0.0299030 0.0812411 0.0812411 0.1134746 0.1134746 0.0997548 0.1134746 0.1134746 0.0324327 0.0283447 0.0324327 0.0324327 0.0350876 0.0324327 0.0396562 0.0324327 0.0812411 0.0812411 0.0297058 0.0297058 0.0297058 0.0283905 0.0297058 0.0283905 0.0296533 0.0000000 0.0174436 0.0243911 0.1518279 0.0297867 0.0295321 0.4616343 0.4591911 0.4640835 0.4640835 0.4591911 0.4591911 0.4591911 0.0324327 0.0324327 0.0391217 0.0310797 0.0310797 0.0310797 0.0310797 0.0377858 0.0377514 0.0391217 0.0390872 0.0338202 0.0377858 0.0377858 0.0324035 0.0364185 0.0391217 0.0310797 0.0310797 0.0310797 0.0310797 0.0324621 0.0338202 0.0337590 0.0351194 
GorGor_chrY_LOC129530259_-_129530259_-_LOC129530259_CDS__reversed_  0.2209589 0.2209589 0.2209589 0.2209589 0.2209589 0.2243916 0.2243916 0.2243916 0.0251748 0.0277873 0.0277873 0.0277873 0.0251748 0.0251748 0.0787036 0.0787036 0.0933203 0.0933203 0.0963378 0.0933203 0.0933203 0.0200387 0.0175061 0.0200387 0.0200387 0.0251306 0.0200387 0.0256464 0.0200387 0.0787036 0.0787036 0.0380798 0.0380798 0.0380798 0.0354815 0.0354815 0.0277383 0.0250863 0.0174436 0.0000000 0.0148756 0.1665884 0.0329499 0.0302578 0.4107274 0.4063016 0.4151737 0.4151737 0.4063016 0.4063016 0.4063016 0.0226204 0.0226204 0.0226204 0.0149529 0.0149529 0.0149529 0.0149529 0.0226204 0.0226204 0.0226204 0.0226204 0.0226204 0.0226204 0.0226204 0.0175042 0.0226204 0.0226204 0.0149529 0.0149529 0.0149529 0.0149529 0.0226204 0.0226204 0.0175042 0.0200729 
GorGor_chrY_LOC129530261_-_129530261_-_LOC129530261_CDS__reversed_  0.2454814 0.2454814 0.2550979 0.2570514 0.2570514 0.2570514 0.2570514 0.2570514 0.0285525 0.0285784 0.0312299 0.0325885 0.0285525 0.0272313 0.0811640 0.0811640 0.1166559 0.1166559 0.1022457 0.1166559 0.1166559 0.0271258 0.0175061 0.0271258 0.0271258 0.0297598 0.0271258 0.0358369 0.0271258 0.0811640 0.0811640 0.0231291 0.0231291 0.0231291 0.0218256 0.0231291 0.0218256 0.0204877 0.0243911 0.0148756 0.0000000 0.1568751 0.0284417 0.0214855 0.4634444 0.4609995 0.4658953 0.4658953 0.4609995 0.4609995 0.4609995 0.0271258 0.0271258 0.0337590 0.0257889 0.0257889 0.0257889 0.0257889 0.0350876 0.0324035 0.0337590 0.0337285 0.0284931 0.0350876 0.0350876 0.0271014 0.0310797 0.0337590 0.0257889 0.0257889 0.0257889 0.0257889 0.0271502 0.0284931 0.0284417 0.0297867 
GorGor_chrY_LOC129530264_-_129530264_-_LOC129530264_CDS             0.2241276 0.2241276 0.2348797 0.2348797 0.2348797 0.2367949 0.2367949 0.2367949 0.1474708 0.1476252 0.1508737 0.1526631 0.1474708 0.1458532 0.1350597 0.1350597 0.1930326 0.1930326 0.1842877 0.1930326 0.1930326 0.1401099 0.1387488 0.1401099 0.1401099 0.1449098 0.1401099 0.1650648 0.1401099 0.1350597 0.1350597 0.1485887 0.1485887 0.1469738 0.1469738 0.1485887 0.1518279 0.1498936 0.1518279 0.1665884 0.1568751 0.0000000 0.1586779 0.1665542 0.4299869 0.4275831 0.4323967 0.4323967 0.4275831 0.4275831 0.4275831 0.1452110 0.1452110 0.1534523 0.1450602 0.1450602 0.1450602 0.1450602 0.1518279 0.1532918 0.1550798 0.1549174 0.1487439 0.1518279 0.1518279 0.1450602 0.1516693 0.1534523 0.1450602 0.1450602 0.1450602 0.1450602 0.1469738 0.1487439 0.1452110 0.1502067 
GorGor_chrY_LOC129530266_-_129530266_-_LOC129530266_CDS             0.2420104 0.2420104 0.2515050 0.2534526 0.2534526 0.2534526 0.2534526 0.2534526 0.0339219 0.0339518 0.0366278 0.0380035 0.0339219 0.0325885 0.0854522 0.0854522 0.1219757 0.1219757 0.1022457 0.1219757 0.1219757 0.0378547 0.0320421 0.0378547 0.0378547 0.0391938 0.0378547 0.0397085 0.0378547 0.0854522 0.0854522 0.0257889 0.0257889 0.0257889 0.0244785 0.0257889 0.0218646 0.0256966 0.0297867 0.0329499 0.0284417 0.1586779 0.0000000 0.0155872 0.4598234 0.4573820 0.4622709 0.4622709 0.4573820 0.4573820 0.4573820 0.0378547 0.0378547 0.0446149 0.0337590 0.0337590 0.0337590 0.0337590 0.0432651 0.0432254 0.0446149 0.0445741 0.0392654 0.0432651 0.0432651 0.0378202 0.0418793 0.0446149 0.0337590 0.0337590 0.0337590 0.0337590 0.0351513 0.0365178 0.0364515 0.0378202 
GorGor_chrY_LOC129530267_-_129530267_-_LOC129530267_CDS             0.2256610 0.2256610 0.2288222 0.2316031 0.2316031 0.2316031 0.2316031 0.2316031 0.0255283 0.0275655 0.0275655 0.0296136 0.0275271 0.0255283 0.0800611 0.0800611 0.1094753 0.1094753 0.1051241 0.1094753 0.1094753 0.0336036 0.0282750 0.0336036 0.0336036 0.0397447 0.0336036 0.0503132 0.0336036 0.0800611 0.0800611 0.0274898 0.0274898 0.0274898 0.0254928 0.0254928 0.0215156 0.0214567 0.0295321 0.0302578 0.0214855 0.1665542 0.0155872 0.0000000 0.4350345 0.4314179 0.4386647 0.4386647 0.4314179 0.4314179 0.4314179 0.0377599 0.0377599 0.0438953 0.0377078 0.0377078 0.0377078 0.0377078 0.0459509 0.0438953 0.0438953 0.0459509 0.0377599 0.0459509 0.0459509 0.0377078 0.0438953 0.0438953 0.0377078 0.0377078 0.0377078 0.0377078 0.0398549 0.0398549 0.0397998 0.0439567 
GorGor_chrX_RBMX_-_101125233_-_RBMX_CDS__reversed_                  0.4365730 0.4365730 0.4411997 0.4436980 0.4436980 0.4436980 0.4436980 0.4436980 0.4568113 0.4537583 0.4586178 0.4616914 0.4543803 0.4543803 0.4123587 0.4123587 0.4688393 0.4688393 0.4115390 0.4688393 0.4688393 0.4488262 0.3599663 0.4488262 0.4488262 0.4464278 0.4464278 0.4881011 0.4464278 0.4123587 0.4123587 0.4434344 0.4434344 0.4410518 0.4410518 0.4386749 0.4518454 0.4482530 0.4616343 0.4107274 0.4634444 0.4299869 0.4598234 0.4350345 0.0000000 0.0012589 0.0012589 0.0012589 0.0012589 0.0012589 0.0037829 0.4524621 0.4524621 0.4628072 0.4518454 0.4518454 0.4518454 0.4518454 0.4603666 0.4621717 0.4603666 0.4646140 0.4537008 0.4603666 0.4603666 0.4518454 0.4621717 0.4628072 0.4518454 0.4518454 0.4518454 0.4518454 0.4555033 0.4585606 0.4573050 0.4542597 
HomSap_chrX_RBMX_-_27316_-_RBMX_CDS__reversed_                      0.4341554 0.4341554 0.4387077 0.4411997 0.4411997 0.4411997 0.4411997 0.4411997 0.4543803 0.4513374 0.4561851 0.4592483 0.4519553 0.4519553 0.4100536 0.4100536 0.4659903 0.4659903 0.4070628 0.4659903 0.4659903 0.4464278 0.3599663 0.4464278 0.4464278 0.4440352 0.4440352 0.4844274 0.4440352 0.4100536 0.4100536 0.4410518 0.4410518 0.4386749 0.4386749 0.4363039 0.4494370 0.4458480 0.4591911 0.4063016 0.4609995 0.4275831 0.4573820 0.4314179 0.0012589 0.0000000 0.0025199 0.0025199 0.0000010 0.0000010 0.0025199 0.4500495 0.4500495 0.4603666 0.4494370 0.4494370 0.4494370 0.4494370 0.4579319 0.4597354 0.4579319 0.4621717 0.4512798 0.4579319 0.4579319 0.4494370 0.4597354 0.4603666 0.4494370 0.4494370 0.4494370 0.4494370 0.4530806 0.4561277 0.4548806 0.4518454 
PanPan_chrX_RBMX_-_100973957_-_RBMX_CDS__reversed_                  0.4389966 0.4389966 0.4436980 0.4462026 0.4462026 0.4462026 0.4462026 0.4462026 0.4592483 0.4561851 0.4610565 0.4641404 0.4568113 0.4568113 0.4146692 0.4146692 0.4716958 0.4716958 0.4160374 0.4716958 0.4716958 0.4512304 0.3599663 0.4512304 0.4512304 0.4488262 0.4488262 0.4917883 0.4488262 0.4146692 0.4146692 0.4458228 0.4458228 0.4434344 0.4434344 0.4410518 0.4542597 0.4506638 0.4640835 0.4151737 0.4658953 0.4323967 0.4622709 0.4386647 0.0012589 0.0025199 0.0000000 0.0000010 0.0025199 0.0025199 0.0050480 0.4548806 0.4548806 0.4652537 0.4542597 0.4542597 0.4542597 0.4542597 0.4628072 0.4646140 0.4628072 0.4670634 0.4561277 0.4628072 0.4628072 0.4542597 0.4646140 0.4652537 0.4542597 0.4542597 0.4542597 0.4542597 0.4579319 0.4609995 0.4597354 0.4566799 
PanTro_chrX_RBMX_-_738482_-_RBMX_CDS__reversed_                     0.4389966 0.4389966 0.4436980 0.4462026 0.4462026 0.4462026 0.4462026 0.4462026 0.4592483 0.4561851 0.4610565 0.4641404 0.4568113 0.4568113 0.4146692 0.4146692 0.4716958 0.4716958 0.4160374 0.4716958 0.4716958 0.4512304 0.3599663 0.4512304 0.4512304 0.4488262 0.4488262 0.4917883 0.4488262 0.4146692 0.4146692 0.4458228 0.4458228 0.4434344 0.4434344 0.4410518 0.4542597 0.4506638 0.4640835 0.4151737 0.4658953 0.4323967 0.4622709 0.4386647 0.0012589 0.0025199 0.0000010 0.0000000 0.0025199 0.0025199 0.0050480 0.4548806 0.4548806 0.4652537 0.4542597 0.4542597 0.4542597 0.4542597 0.4628072 0.4646140 0.4628072 0.4670634 0.4561277 0.4628072 0.4628072 0.4542597 0.4646140 0.4652537 0.4542597 0.4542597 0.4542597 0.4542597 0.4579319 0.4609995 0.4597354 0.4566799 
