8
HomSap_chrY_BPY2_23819939_Q8A_nonC_t                                 0.0000000 0.0000010 0.0000010 0.0094044 0.0125657 0.0125657 0.0166855 0.0166855 
HomSap_chrY_BPY2B_24223343_Q8B_nonC_-                                0.0000010 0.0000000 0.0000010 0.0094044 0.0125657 0.0125657 0.0166855 0.0166855 
HomSap_chrY_BPY2C_25843297_nonP-closest-Q11.1B-at-55949_nonC_-       0.0000010 0.0000010 0.0000000 0.0094044 0.0125657 0.0125657 0.0166855 0.0166855 
PanTro_chrY_LOC107971295_9703874_nonP-closest-Q12.1A-at-33431_nonC_- 0.0094044 0.0094044 0.0094044 0.0000000 0.0031211 0.0031211 0.0133186 0.0133186 
PanPan_chrY_LOC129395745_9283200_Q22A_nonC_-                         0.0125657 0.0125657 0.0125657 0.0031211 0.0000000 0.0000010 0.0166855 0.0166855 
PanPan_chrY_LOC129395774_8901811_Q22B_nonC_t                         0.0125657 0.0125657 0.0125657 0.0031211 0.0000010 0.0000000 0.0166855 0.0166855 
GorGor_chrY_LOC129530363_42645394_Q17.1A_C2_t                        0.0166855 0.0166855 0.0166855 0.0133186 0.0166855 0.0166855 0.0000000 0.0000010 
GorGor_chrY_LOC129530366_43077068_Q17.1B_C2_-                        0.0166855 0.0166855 0.0166855 0.0133186 0.0166855 0.0166855 0.0000010 0.0000000 
