56
GorGor_chrY_LOC129530301-exPG_16914474_nonP-closest-Q4.A-at-199039_nonC_t 0.0000000 0.0049551 0.0030875 0.0012318 0.0151442 0.0151442 0.0170326 0.0170326 0.0190369 0.0196894 0.0196894 0.0203254 0.0196811 0.0203688 0.0210260 0.0203254 0.0555561 0.0555561 0.0556385 0.0601553 0.0555561 0.0555561 0.0548708 0.0579488 0.0579488 0.0597273 0.0588798 0.0602239 0.0602667 0.0587006 0.0587006 0.0593796 0.0586274 0.0600740 0.0607264 0.0555859 0.0586274 0.0608868 0.0548649 0.0589452 0.0603781 0.0563012 0.0577897 0.0587532 0.0586124 0.0586274 0.0586124 0.0586274 0.0496065 0.0579244 0.0579244 0.0499001 0.0499001 0.0499001 0.0499001 0.0499001 
GorGor_chrY_LOC129530299-exPG_18481620_nonP-closest-Q7.B-at-37060_nonC_t  0.0049551 0.0000000 0.0043316 0.0037092 0.0177357 0.0177357 0.0196311 0.0196311 0.0216578 0.0223152 0.0223152 0.0229534 0.0223056 0.0230029 0.0236648 0.0229534 0.0577423 0.0577423 0.0593072 0.0638635 0.0577423 0.0577423 0.0585310 0.0616403 0.0616403 0.0634512 0.0625907 0.0639367 0.0639826 0.0623992 0.0623992 0.0630797 0.0623210 0.0637768 0.0644721 0.0592507 0.0623210 0.0645998 0.0585245 0.0626604 0.0641011 0.0584914 0.0599874 0.0625922 0.0623051 0.0623210 0.0623051 0.0623210 0.0543094 0.0616144 0.0616144 0.0542551 0.0542551 0.0542551 0.0542551 0.0542551 
GorGor_chrY_LOC129530297-exPG_17829216_nonP-closest-Q7.A-at-37178_nonC_-  0.0030875 0.0043316 0.0000000 0.0018490 0.0157855 0.0157855 0.0176758 0.0176758 0.0196846 0.0203381 0.0203381 0.0209745 0.0203295 0.0210194 0.0216776 0.0209745 0.0562823 0.0562823 0.0578400 0.0623806 0.0562823 0.0562823 0.0570672 0.0601640 0.0601640 0.0619620 0.0611066 0.0624520 0.0624966 0.0609201 0.0609201 0.0616001 0.0608439 0.0622961 0.0629742 0.0577851 0.0608439 0.0631150 0.0570610 0.0611746 0.0626123 0.0570286 0.0585196 0.0610568 0.0608284 0.0608439 0.0608284 0.0608439 0.0524274 0.0601388 0.0601388 0.0520471 0.0520471 0.0520471 0.0520471 0.0520471 
GorGor_chrY_LOC129530247_19346920_nonP-closest-Q11.A-at-11045_nonC_-      0.0012318 0.0037092 0.0018490 0.0000000 0.0138553 0.0138553 0.0157407 0.0157407 0.0177321 0.0183831 0.0183831 0.0190177 0.0183753 0.0190583 0.0197129 0.0190177 0.0540731 0.0540731 0.0556197 0.0601350 0.0540731 0.0540731 0.0548523 0.0579292 0.0579292 0.0597071 0.0588598 0.0602035 0.0602463 0.0586807 0.0586807 0.0593595 0.0586076 0.0600537 0.0607057 0.0555672 0.0586076 0.0608662 0.0548464 0.0589252 0.0603576 0.0548154 0.0562981 0.0587326 0.0585927 0.0586076 0.0585927 0.0586076 0.0495848 0.0579049 0.0579049 0.0498835 0.0498835 0.0498835 0.0498835 0.0498835 
HomSap_chrY_CDY1_26434508_nonP-closest-Q12B-at-66643_nonC_t               0.0151442 0.0177357 0.0157855 0.0138553 0.0000000 0.0000010 0.0081207 0.0081207 0.0145630 0.0152100 0.0152100 0.0158444 0.0152037 0.0158781 0.0165295 0.0158444 0.0550516 0.0550516 0.0566050 0.0588934 0.0550516 0.0550516 0.0558320 0.0566848 0.0566848 0.0576305 0.0567884 0.0589607 0.0590027 0.0574369 0.0574369 0.0581177 0.0573651 0.0588136 0.0594539 0.0573015 0.0573651 0.0596258 0.0565750 0.0568516 0.0591120 0.0557988 0.0572915 0.0581230 0.0573504 0.0573651 0.0573504 0.0573651 0.0508827 0.0566609 0.0566609 0.0522680 0.0522680 0.0522680 0.0522680 0.0522680 
HomSap_chrY_CDY1B_24814541_nonP-closest-Q10B-at-66639_nonC_t              0.0151442 0.0177357 0.0157855 0.0138553 0.0000010 0.0000000 0.0081207 0.0081207 0.0145630 0.0152100 0.0152100 0.0158444 0.0152037 0.0158781 0.0165295 0.0158444 0.0550516 0.0550516 0.0566050 0.0588934 0.0550516 0.0550516 0.0558320 0.0566848 0.0566848 0.0576305 0.0567884 0.0589607 0.0590027 0.0574369 0.0574369 0.0581177 0.0573651 0.0588136 0.0594539 0.0573015 0.0573651 0.0596258 0.0565750 0.0568516 0.0591120 0.0557988 0.0572915 0.0581230 0.0573504 0.0573651 0.0573504 0.0573651 0.0508827 0.0566609 0.0566609 0.0522680 0.0522680 0.0522680 0.0522680 0.0522680 
HomSap_chrY_CDY2A_18932262_Q4B_nonC_t                                     0.0170326 0.0196311 0.0176758 0.0157407 0.0081207 0.0081207 0.0000000 0.0000010 0.0177581 0.0184099 0.0184099 0.0190455 0.0184021 0.0190862 0.0197419 0.0190455 0.0578464 0.0578464 0.0609015 0.0632039 0.0578464 0.0578464 0.0601200 0.0609805 0.0609805 0.0643147 0.0634496 0.0632764 0.0633218 0.0617392 0.0617392 0.0624205 0.0616618 0.0631181 0.0638067 0.0608431 0.0616618 0.0624434 0.0601134 0.0635204 0.0634392 0.0585970 0.0600962 0.0650370 0.0616461 0.0616618 0.0616461 0.0616618 0.0525326 0.0609549 0.0609549 0.0535723 0.0535723 0.0535723 0.0535723 0.0535723 
HomSap_chrY_CDY2B_18784818_Q4A_nonC_-                                     0.0170326 0.0196311 0.0176758 0.0157407 0.0081207 0.0081207 0.0000010 0.0000000 0.0177581 0.0184099 0.0184099 0.0190455 0.0184021 0.0190862 0.0197419 0.0190455 0.0578464 0.0578464 0.0609015 0.0632039 0.0578464 0.0578464 0.0601200 0.0609805 0.0609805 0.0643147 0.0634496 0.0632764 0.0633218 0.0617392 0.0617392 0.0624205 0.0616618 0.0631181 0.0638067 0.0608431 0.0616618 0.0624434 0.0601134 0.0635204 0.0634392 0.0585970 0.0600962 0.0650370 0.0616461 0.0616618 0.0616461 0.0616618 0.0525326 0.0609549 0.0609549 0.0535723 0.0535723 0.0535723 0.0535723 0.0535723 
PanPan_chrY_LOC129395542-exPG_7871634_nonP-closest-Q22B-at-452392_nonC_t  0.0190369 0.0216578 0.0196846 0.0177321 0.0145630 0.0145630 0.0177581 0.0177581 0.0000000 0.0006136 0.0006136 0.0049557 0.0043344 0.0049659 0.0055920 0.0049557 0.0603114 0.0603114 0.0626559 0.0642164 0.0603114 0.0603114 0.0618668 0.0627369 0.0627369 0.0645680 0.0636985 0.0642904 0.0643369 0.0635022 0.0635022 0.0634274 0.0626637 0.0641287 0.0648320 0.0625952 0.0626637 0.0649575 0.0618599 0.0637699 0.0652216 0.0610697 0.0625840 0.0653012 0.0626476 0.0626637 0.0626476 0.0626637 0.0537557 0.0627103 0.0627103 0.0544947 0.0544947 0.0544947 0.0544947 0.0544947 
PanPan_chrY_LOC129395731_10461020_Q21A_nonC_t                             0.0196894 0.0223152 0.0203381 0.0183831 0.0152100 0.0152100 0.0184099 0.0184099 0.0006136 0.0000000 0.0000010 0.0055801 0.0049580 0.0055916 0.0062189 0.0055801 0.0610647 0.0610647 0.0634145 0.0649781 0.0610647 0.0610647 0.0626235 0.0634962 0.0634962 0.0653343 0.0644620 0.0650531 0.0651002 0.0642632 0.0642632 0.0641873 0.0634221 0.0648893 0.0656016 0.0633530 0.0634221 0.0657203 0.0626165 0.0645343 0.0659878 0.0618245 0.0633416 0.0660953 0.0634058 0.0634221 0.0634058 0.0634221 0.0547208 0.0634693 0.0634693 0.0552291 0.0552291 0.0552291 0.0552291 0.0552291 
PanPan_chrY_LOC129395566_10322121_Q21B_nonC_-                             0.0196894 0.0223152 0.0203381 0.0183831 0.0152100 0.0152100 0.0184099 0.0184099 0.0006136 0.0000010 0.0000000 0.0055801 0.0049580 0.0055916 0.0062189 0.0055801 0.0610647 0.0610647 0.0634145 0.0649781 0.0610647 0.0610647 0.0626235 0.0634962 0.0634962 0.0653343 0.0644620 0.0650531 0.0651002 0.0642632 0.0642632 0.0641873 0.0634221 0.0648893 0.0656016 0.0633530 0.0634221 0.0657203 0.0626165 0.0645343 0.0659878 0.0618245 0.0633416 0.0660953 0.0634058 0.0634221 0.0634058 0.0634221 0.0547208 0.0634693 0.0634693 0.0552291 0.0552291 0.0552291 0.0552291 0.0552291 
PanTro_chrY_LOC129388401-exPG_20105906_Q7.1B_C38_-                        0.0203254 0.0229534 0.0209745 0.0190177 0.0158444 0.0158444 0.0190455 0.0190455 0.0049557 0.0055801 0.0055801 0.0000000 0.0043304 0.0024664 0.0030859 0.0000010 0.0617595 0.0617595 0.0641121 0.0656770 0.0617595 0.0617595 0.0633201 0.0641943 0.0641943 0.0675821 0.0667021 0.0657527 0.0658005 0.0649620 0.0649620 0.0648853 0.0641195 0.0655882 0.0654857 0.0640498 0.0641195 0.0664208 0.0633129 0.0667760 0.0666909 0.0625199 0.0640382 0.0684209 0.0641030 0.0641195 0.0641030 0.0641195 0.0565933 0.0626442 0.0626442 0.0573907 0.0573907 0.0573907 0.0573907 0.0573907 
PanTro_crhY_LOC745547_5358723_nonP-closest-Q14B-at-988449_nonC_t          0.0196811 0.0223056 0.0203295 0.0183753 0.0152037 0.0152037 0.0184021 0.0184021 0.0043344 0.0049580 0.0049580 0.0043304 0.0000000 0.0043393 0.0049639 0.0043304 0.0610316 0.0610316 0.0618599 0.0634161 0.0610316 0.0610316 0.0610733 0.0619400 0.0619400 0.0668395 0.0659621 0.0634890 0.0635348 0.0627032 0.0627032 0.0626295 0.0618678 0.0633296 0.0640230 0.0618002 0.0618678 0.0641554 0.0610665 0.0660362 0.0644158 0.0617909 0.0633069 0.0676533 0.0618520 0.0618678 0.0618520 0.0618678 0.0527532 0.0603991 0.0603991 0.0566770 0.0566770 0.0566770 0.0566770 0.0566770 
PanTro_chrY_LOC744070_10716099_Q11B_nonC_-                                0.0203688 0.0230029 0.0210194 0.0190583 0.0158781 0.0158781 0.0190862 0.0190862 0.0049659 0.0055916 0.0055916 0.0024664 0.0043393 0.0000000 0.0006138 0.0024664 0.0619095 0.0619095 0.0642689 0.0658383 0.0619095 0.0619095 0.0634746 0.0643515 0.0643515 0.0677495 0.0668659 0.0659144 0.0659624 0.0651214 0.0651214 0.0650443 0.0642763 0.0657480 0.0656477 0.0642063 0.0642763 0.0665839 0.0634674 0.0669412 0.0668546 0.0626721 0.0641947 0.0685963 0.0642598 0.0642763 0.0642598 0.0642763 0.0567706 0.0627969 0.0627969 0.0575274 0.0575274 0.0575274 0.0575274 0.0575274 
PanTro_chrY_LOC739157_10854594_Q11A_nonC_t                                0.0210260 0.0236648 0.0216776 0.0197129 0.0165295 0.0165295 0.0197419 0.0197419 0.0055920 0.0062189 0.0062189 0.0030859 0.0049639 0.0006138 0.0000000 0.0030859 0.0626703 0.0626703 0.0650352 0.0666087 0.0626703 0.0626703 0.0642389 0.0651184 0.0651184 0.0685269 0.0676412 0.0651678 0.0667334 0.0658899 0.0658899 0.0658118 0.0650423 0.0665174 0.0664229 0.0649717 0.0650423 0.0673547 0.0642316 0.0677173 0.0676297 0.0634344 0.0649599 0.0694012 0.0650256 0.0650423 0.0650256 0.0650423 0.0577491 0.0635606 0.0635606 0.0582718 0.0582718 0.0582718 0.0582718 0.0582718 
PanTro_chrY_CDY1_20320841_Q7.1A_C38_t                                     0.0203254 0.0229534 0.0209745 0.0190177 0.0158444 0.0158444 0.0190455 0.0190455 0.0049557 0.0055801 0.0055801 0.0000010 0.0043304 0.0024664 0.0030859 0.0000000 0.0617595 0.0617595 0.0641121 0.0656770 0.0617595 0.0617595 0.0633201 0.0641943 0.0641943 0.0675821 0.0667021 0.0657527 0.0658005 0.0649620 0.0649620 0.0648853 0.0641195 0.0655882 0.0654857 0.0640498 0.0641195 0.0664208 0.0633129 0.0667760 0.0666909 0.0625199 0.0640382 0.0684209 0.0641030 0.0641195 0.0641030 0.0641195 0.0565933 0.0626442 0.0626442 0.0573907 0.0573907 0.0573907 0.0573907 0.0573907 
PonAbe_chrY_LOC129053503_51692121_Q30B_C1_t                               0.0555561 0.0577423 0.0562823 0.0540731 0.0550516 0.0550516 0.0578464 0.0578464 0.0603114 0.0610647 0.0610647 0.0617595 0.0610316 0.0619095 0.0626703 0.0617595 0.0000000 0.0000010 0.0093996 0.0321043 0.0000010 0.0000010 0.0100419 0.0314422 0.0314422 0.0364623 0.0357104 0.0335156 0.0335372 0.0307655 0.0307655 0.0327781 0.0320902 0.0334364 0.0337828 0.0093921 0.0320902 0.0327893 0.0087608 0.0357488 0.0322262 0.0006173 0.0018553 0.0383690 0.0320827 0.0320902 0.0320827 0.0320902 0.0263244 0.0300694 0.0300694 0.0589600 0.0589600 0.0589600 0.0589600 0.0589600 
PonAbe_chrY_LOC129053502_51580221_Q30A_C1_-                               0.0555561 0.0577423 0.0562823 0.0540731 0.0550516 0.0550516 0.0578464 0.0578464 0.0603114 0.0610647 0.0610647 0.0617595 0.0610316 0.0619095 0.0626703 0.0617595 0.0000010 0.0000000 0.0093996 0.0321043 0.0000010 0.0000010 0.0100419 0.0314422 0.0314422 0.0364623 0.0357104 0.0335156 0.0335372 0.0307655 0.0307655 0.0327781 0.0320902 0.0334364 0.0337828 0.0093921 0.0320902 0.0327893 0.0087608 0.0357488 0.0322262 0.0006173 0.0018553 0.0383690 0.0320827 0.0320902 0.0320827 0.0320902 0.0263244 0.0300694 0.0300694 0.0589600 0.0589600 0.0589600 0.0589600 0.0589600 
PonAbe_chrY_LOC129053496_50227701_nonP-closest-Q28A-at-16957_nonC_-       0.0556385 0.0593072 0.0578400 0.0556197 0.0566050 0.0566050 0.0609015 0.0609015 0.0626559 0.0634145 0.0634145 0.0641121 0.0618599 0.0642689 0.0650352 0.0641121 0.0093996 0.0093996 0.0000000 0.0314601 0.0093996 0.0093996 0.0006170 0.0321613 0.0321613 0.0358224 0.0350715 0.0328710 0.0328921 0.0314839 0.0314839 0.0321347 0.0314468 0.0327921 0.0331323 0.0024742 0.0314468 0.0335132 0.0018546 0.0351103 0.0329509 0.0100361 0.0100386 0.0391491 0.0314389 0.0314468 0.0314389 0.0314468 0.0281068 0.0307852 0.0307852 0.0628029 0.0628029 0.0628029 0.0628029 0.0628029 
PonAbe_chrY_LOC129053476_45770263_Q20B_C1_t                               0.0601553 0.0638635 0.0623806 0.0601350 0.0588934 0.0588934 0.0632039 0.0632039 0.0642164 0.0649781 0.0649781 0.0656770 0.0634161 0.0658383 0.0666087 0.0656770 0.0321043 0.0321043 0.0314601 0.0000000 0.0321043 0.0321043 0.0307620 0.0132306 0.0132306 0.0271955 0.0264837 0.0037174 0.0037195 0.0125915 0.0125915 0.0030907 0.0024701 0.0087153 0.0088010 0.0314328 0.0024701 0.0043352 0.0307591 0.0265118 0.0139138 0.0327919 0.0341701 0.0301963 0.0087181 0.0024701 0.0087181 0.0024701 0.0032485 0.0119463 0.0119463 0.0635998 0.0635998 0.0635998 0.0635998 0.0635998 
PonAbe_chrY_LOC129053461_41259419_Q14B_C1_t                               0.0555561 0.0577423 0.0562823 0.0540731 0.0550516 0.0550516 0.0578464 0.0578464 0.0603114 0.0610647 0.0610647 0.0617595 0.0610316 0.0619095 0.0626703 0.0617595 0.0000010 0.0000010 0.0093996 0.0321043 0.0000000 0.0000010 0.0100419 0.0314422 0.0314422 0.0364623 0.0357104 0.0335156 0.0335372 0.0307655 0.0307655 0.0327781 0.0320902 0.0334364 0.0337828 0.0093921 0.0320902 0.0327893 0.0087608 0.0357488 0.0322262 0.0006173 0.0018553 0.0383690 0.0320827 0.0320902 0.0320827 0.0320902 0.0263244 0.0300694 0.0300694 0.0589600 0.0589600 0.0589600 0.0589600 0.0589600 
PonAbe_chrY_LOC129053460_41147495_Q14A_C1_-                               0.0555561 0.0577423 0.0562823 0.0540731 0.0550516 0.0550516 0.0578464 0.0578464 0.0603114 0.0610647 0.0610647 0.0617595 0.0610316 0.0619095 0.0626703 0.0617595 0.0000010 0.0000010 0.0093996 0.0321043 0.0000010 0.0000000 0.0100419 0.0314422 0.0314422 0.0364623 0.0357104 0.0335156 0.0335372 0.0307655 0.0307655 0.0327781 0.0320902 0.0334364 0.0337828 0.0093921 0.0320902 0.0327893 0.0087608 0.0357488 0.0322262 0.0006173 0.0018553 0.0383690 0.0320827 0.0320902 0.0320827 0.0320902 0.0263244 0.0300694 0.0300694 0.0589600 0.0589600 0.0589600 0.0589600 0.0589600 
PonAbe_chrY_LOC129053453_39794954_nonP-closest-Q12A-at-16947_nonC_-       0.0548708 0.0585310 0.0570672 0.0548523 0.0558320 0.0558320 0.0601200 0.0601200 0.0618668 0.0626235 0.0626235 0.0633201 0.0610733 0.0634746 0.0642389 0.0633201 0.0100419 0.0100419 0.0006170 0.0307620 0.0100419 0.0100419 0.0000000 0.0314623 0.0314623 0.0351105 0.0343625 0.0321682 0.0321893 0.0307852 0.0307852 0.0314353 0.0307490 0.0320923 0.0324242 0.0030975 0.0307490 0.0328113 0.0024766 0.0343995 0.0322469 0.0106800 0.0106827 0.0384062 0.0307413 0.0307490 0.0307413 0.0307490 0.0272067 0.0300886 0.0300886 0.0620117 0.0620117 0.0620117 0.0620117 0.0620117 
PonAbe_chrY_LOC129053442_37080427_Q7B_C1_t                                0.0579488 0.0616403 0.0601640 0.0579292 0.0566848 0.0566848 0.0609805 0.0609805 0.0627369 0.0634962 0.0634962 0.0641943 0.0619400 0.0643515 0.0651184 0.0641943 0.0314422 0.0314422 0.0321613 0.0132306 0.0314422 0.0314422 0.0314623 0.0000000 0.0000010 0.0265352 0.0258254 0.0119635 0.0119706 0.0030910 0.0030910 0.0113072 0.0106686 0.0119364 0.0120548 0.0321344 0.0106686 0.0125882 0.0314594 0.0258527 0.0043468 0.0321299 0.0335054 0.0295096 0.0119402 0.0106686 0.0119402 0.0106686 0.0081923 0.0024697 0.0024697 0.0628642 0.0628642 0.0628642 0.0628642 0.0628642 
PonAbe_chrY_LOC129053441_36920924_Q7A_C1_-                                0.0579488 0.0616403 0.0601640 0.0579292 0.0566848 0.0566848 0.0609805 0.0609805 0.0627369 0.0634962 0.0634962 0.0641943 0.0619400 0.0643515 0.0651184 0.0641943 0.0314422 0.0314422 0.0321613 0.0132306 0.0314422 0.0314422 0.0314623 0.0000010 0.0000000 0.0265352 0.0258254 0.0119635 0.0119706 0.0030910 0.0030910 0.0113072 0.0106686 0.0119364 0.0120548 0.0321344 0.0106686 0.0125882 0.0314594 0.0258527 0.0043468 0.0321299 0.0335054 0.0295096 0.0119402 0.0106686 0.0119402 0.0106686 0.0081923 0.0024697 0.0024697 0.0628642 0.0628642 0.0628642 0.0628642 0.0628642 
PonAbe_chrY_LOC129053440_35954132_Q5.1B_C1_t                              0.0597273 0.0634512 0.0619620 0.0597071 0.0576305 0.0576305 0.0643147 0.0643147 0.0645680 0.0653343 0.0653343 0.0675821 0.0668395 0.0677495 0.0685269 0.0675821 0.0364623 0.0364623 0.0358224 0.0271955 0.0364623 0.0364623 0.0351105 0.0265352 0.0265352 0.0000000 0.0006187 0.0258854 0.0259016 0.0258699 0.0258699 0.0251769 0.0245072 0.0258250 0.0260875 0.0357908 0.0245072 0.0265214 0.0351071 0.0018635 0.0272900 0.0371636 0.0371736 0.0044994 0.0245010 0.0245072 0.0245010 0.0245072 0.0218718 0.0251884 0.0251884 0.0629507 0.0629507 0.0629507 0.0629507 0.0629507 
PonAbe_chrY_LOC129053439_35795298_Q5.1A_C1_-                              0.0588798 0.0625907 0.0611066 0.0588598 0.0567884 0.0567884 0.0634496 0.0634496 0.0636985 0.0644620 0.0644620 0.0667021 0.0659621 0.0668659 0.0676412 0.0667021 0.0357104 0.0357104 0.0350715 0.0264837 0.0357104 0.0357104 0.0343625 0.0258254 0.0258254 0.0006187 0.0000000 0.0251766 0.0251923 0.0251614 0.0251614 0.0244724 0.0238048 0.0251186 0.0253735 0.0350407 0.0238048 0.0258120 0.0343592 0.0012394 0.0265755 0.0364091 0.0364189 0.0038474 0.0237988 0.0238048 0.0237988 0.0238048 0.0209645 0.0244836 0.0244836 0.0620885 0.0620885 0.0620885 0.0620885 0.0620885 
PonAbe_chrY_LOC129053358_52467350_Q31B_C1_t                               0.0602239 0.0639367 0.0624520 0.0602035 0.0589607 0.0589607 0.0632764 0.0632764 0.0642904 0.0650531 0.0650531 0.0657527 0.0634890 0.0659144 0.0651678 0.0657527 0.0335156 0.0335156 0.0328710 0.0037174 0.0335156 0.0335156 0.0321682 0.0119635 0.0119635 0.0258854 0.0251766 0.0000000 0.0012332 0.0113257 0.0113257 0.0018533 0.0012344 0.0074659 0.0075386 0.0328419 0.0012344 0.0030948 0.0321651 0.0252034 0.0126415 0.0342078 0.0355929 0.0288364 0.0074683 0.0012344 0.0074683 0.0012344 0.0032543 0.0106826 0.0106826 0.0636732 0.0636732 0.0636732 0.0636732 0.0636732 
PonAbe_chrY_LOC129053357_52307689_Q4A_C3_-                                0.0602667 0.0639826 0.0624966 0.0602463 0.0590027 0.0590027 0.0633218 0.0633218 0.0643369 0.0651002 0.0651002 0.0658005 0.0635348 0.0659624 0.0667334 0.0658005 0.0335372 0.0335372 0.0328921 0.0037195 0.0335372 0.0335372 0.0321893 0.0119706 0.0119706 0.0259016 0.0251923 0.0012332 0.0000000 0.0113324 0.0113324 0.0018544 0.0012351 0.0074703 0.0075430 0.0328634 0.0012351 0.0030966 0.0321862 0.0252192 0.0126490 0.0342298 0.0356159 0.0288554 0.0074727 0.0012351 0.0074727 0.0012351 0.0032568 0.0106888 0.0106888 0.0637192 0.0637192 0.0637192 0.0637192 0.0637192 
PonAbe_chrY_LOC129053199_46540858_Q21.2B_C1_t                             0.0587006 0.0623992 0.0609201 0.0586807 0.0574369 0.0574369 0.0617392 0.0617392 0.0635022 0.0642632 0.0642632 0.0649620 0.0627032 0.0651214 0.0658899 0.0649620 0.0307655 0.0307655 0.0314839 0.0125915 0.0307655 0.0307655 0.0307852 0.0030910 0.0030910 0.0258699 0.0251614 0.0113257 0.0113324 0.0000000 0.0000010 0.0106714 0.0100338 0.0113000 0.0114121 0.0314566 0.0100338 0.0119502 0.0307824 0.0251882 0.0037231 0.0314522 0.0328264 0.0281091 0.0113037 0.0100338 0.0113037 0.0100338 0.0073661 0.0018509 0.0018509 0.0628901 0.0628901 0.0628901 0.0628901 0.0628901 
PonAbe_chrY_LOC129053198_46381211_Q21.2A_C1_-                             0.0587006 0.0623992 0.0609201 0.0586807 0.0574369 0.0574369 0.0617392 0.0617392 0.0635022 0.0642632 0.0642632 0.0649620 0.0627032 0.0651214 0.0658899 0.0649620 0.0307655 0.0307655 0.0314839 0.0125915 0.0307655 0.0307655 0.0307852 0.0030910 0.0030910 0.0258699 0.0251614 0.0113257 0.0113324 0.0000010 0.0000000 0.0106714 0.0100338 0.0113000 0.0114121 0.0314566 0.0100338 0.0119502 0.0307824 0.0251882 0.0037231 0.0314522 0.0328264 0.0281091 0.0113037 0.0100338 0.0113037 0.0100338 0.0073661 0.0018509 0.0018509 0.0628901 0.0628901 0.0628901 0.0628901 0.0628901 
PonAbe_chrY_LOC129053180_42034652_Q15B_C1_t                               0.0593796 0.0630797 0.0616001 0.0593595 0.0581177 0.0581177 0.0624205 0.0624205 0.0634274 0.0641873 0.0641873 0.0648853 0.0626295 0.0650443 0.0658118 0.0648853 0.0327781 0.0327781 0.0321347 0.0030907 0.0327781 0.0327781 0.0314353 0.0113072 0.0113072 0.0251769 0.0244724 0.0018533 0.0018544 0.0106714 0.0106714 0.0000000 0.0006158 0.0068270 0.0068942 0.0321067 0.0006158 0.0024701 0.0314324 0.0244983 0.0119811 0.0334678 0.0348481 0.0273987 0.0068292 0.0006158 0.0068292 0.0006158 0.0024334 0.0100306 0.0100306 0.0628106 0.0628106 0.0628106 0.0628106 0.0628106 
PonAbe_chrY_LOC129053178_41874974_Q15A_C1_-                               0.0586274 0.0623210 0.0608439 0.0586076 0.0573651 0.0573651 0.0616618 0.0616618 0.0626637 0.0634221 0.0634221 0.0641195 0.0618678 0.0642763 0.0650423 0.0641195 0.0320902 0.0320902 0.0314468 0.0024701 0.0320902 0.0320902 0.0307490 0.0106686 0.0106686 0.0245072 0.0238048 0.0012344 0.0012351 0.0100338 0.0100338 0.0006158 0.0000000 0.0062005 0.0062615 0.0314196 0.0000010 0.0018508 0.0307462 0.0238299 0.0113393 0.0327781 0.0341557 0.0273987 0.0062025 0.0000010 0.0062025 0.0000010 0.0016202 0.0093944 0.0093944 0.0620465 0.0620465 0.0620465 0.0620465 0.0620465 
PonAbe_chrY_LOC129053145_56048677_Q36B_C1_t                               0.0600740 0.0637768 0.0622961 0.0600537 0.0588136 0.0588136 0.0631181 0.0631181 0.0641287 0.0648893 0.0648893 0.0655882 0.0633296 0.0657480 0.0665174 0.0655882 0.0334364 0.0334364 0.0327921 0.0087153 0.0334364 0.0334364 0.0320923 0.0119364 0.0119364 0.0258250 0.0251186 0.0074659 0.0074703 0.0113000 0.0113000 0.0068270 0.0062005 0.0000000 0.0000010 0.0327637 0.0062005 0.0080850 0.0320891 0.0251443 0.0126127 0.0341268 0.0355084 0.0280789 0.0024666 0.0062005 0.0024666 0.0062005 0.0065200 0.0106583 0.0106583 0.0642792 0.0642792 0.0642792 0.0642792 0.0642792 
PonAbe_chrY_LOC129053144_55889000_Q36A_C1_-                               0.0607264 0.0644721 0.0629742 0.0607057 0.0594539 0.0594539 0.0638067 0.0638067 0.0648320 0.0656016 0.0656016 0.0654857 0.0640230 0.0656477 0.0664229 0.0654857 0.0337828 0.0337828 0.0331323 0.0088010 0.0337828 0.0337828 0.0324242 0.0120548 0.0120548 0.0260875 0.0253735 0.0075386 0.0075430 0.0114121 0.0114121 0.0068942 0.0062615 0.0000010 0.0000000 0.0331031 0.0062615 0.0081644 0.0324211 0.0254007 0.0127383 0.0344797 0.0358763 0.0283751 0.0024906 0.0062615 0.0024906 0.0062615 0.0066042 0.0107639 0.0107639 0.0649858 0.0649858 0.0649858 0.0649858 0.0649858 
PonAbe_chrY_LOC129053139_54584688_nonP-closest-Q34A-at-16949_nonC_-       0.0555859 0.0592507 0.0577851 0.0555672 0.0573015 0.0573015 0.0608431 0.0608431 0.0625952 0.0633530 0.0633530 0.0640498 0.0618002 0.0642063 0.0649717 0.0640498 0.0093921 0.0093921 0.0024742 0.0314328 0.0093921 0.0093921 0.0030975 0.0321344 0.0321344 0.0357908 0.0350407 0.0328419 0.0328634 0.0314566 0.0314566 0.0321067 0.0314196 0.0327637 0.0331031 0.0000000 0.0314196 0.0334840 0.0018531 0.0350784 0.0329220 0.0100281 0.0100306 0.0391131 0.0314117 0.0314196 0.0314117 0.0314196 0.0280753 0.0307586 0.0307586 0.0627419 0.0627419 0.0627419 0.0627419 0.0627419 
PonAbe_chrY_LOC129053475-exPG_45610161_Q20A_C1_-                          0.0586274 0.0623210 0.0608439 0.0586076 0.0573651 0.0573651 0.0616618 0.0616618 0.0626637 0.0634221 0.0634221 0.0641195 0.0618678 0.0642763 0.0650423 0.0641195 0.0320902 0.0320902 0.0314468 0.0024701 0.0320902 0.0320902 0.0307490 0.0106686 0.0106686 0.0245072 0.0238048 0.0012344 0.0012351 0.0100338 0.0100338 0.0006158 0.0000010 0.0062005 0.0062615 0.0314196 0.0000000 0.0018508 0.0307462 0.0238299 0.0113393 0.0327781 0.0341557 0.0273987 0.0062025 0.0000010 0.0062025 0.0000010 0.0016202 0.0093944 0.0093944 0.0620465 0.0620465 0.0620465 0.0620465 0.0620465 
PonPyg_chrY_LOC129025721-exPG_29831016_Q11B_C1_t                          0.0608868 0.0645998 0.0631150 0.0608662 0.0596258 0.0596258 0.0624434 0.0624434 0.0649575 0.0657203 0.0657203 0.0664208 0.0641554 0.0665839 0.0673547 0.0664208 0.0327893 0.0327893 0.0335132 0.0043352 0.0327893 0.0327893 0.0328113 0.0125882 0.0125882 0.0265214 0.0258120 0.0030948 0.0030966 0.0119502 0.0119502 0.0024701 0.0018508 0.0080850 0.0081644 0.0334840 0.0018508 0.0000000 0.0328083 0.0258393 0.0132683 0.0334793 0.0348601 0.0294946 0.0080875 0.0018508 0.0080875 0.0018508 0.0000010 0.0113065 0.0113065 0.0628339 0.0628339 0.0628339 0.0628339 0.0628339 
PonPyg_chrY_LOC129025917_33323942_nonP-closest-Q16A-at-16966_nonC_-       0.0548649 0.0585245 0.0570610 0.0548464 0.0565750 0.0565750 0.0601134 0.0601134 0.0618599 0.0626165 0.0626165 0.0633129 0.0610665 0.0634674 0.0642316 0.0633129 0.0087608 0.0087608 0.0018546 0.0307591 0.0087608 0.0087608 0.0024766 0.0314594 0.0314594 0.0351071 0.0343592 0.0321651 0.0321862 0.0307824 0.0307824 0.0314324 0.0307462 0.0320891 0.0324211 0.0018531 0.0307462 0.0328083 0.0000000 0.0343963 0.0322439 0.0093958 0.0093982 0.0384023 0.0307384 0.0307462 0.0307384 0.0307462 0.0272035 0.0300859 0.0300859 0.0620048 0.0620048 0.0620048 0.0620048 0.0620048 
PonPyg_chrY_LOC129025903_26050227_Q5.1B_C1_t                              0.0589452 0.0626604 0.0611746 0.0589252 0.0568516 0.0568516 0.0635204 0.0635204 0.0637699 0.0645343 0.0645343 0.0667760 0.0660362 0.0669412 0.0677173 0.0667760 0.0357488 0.0357488 0.0351103 0.0265118 0.0357488 0.0357488 0.0343995 0.0258527 0.0258527 0.0018635 0.0012394 0.0252034 0.0252192 0.0251882 0.0251882 0.0244983 0.0238299 0.0251443 0.0254007 0.0350784 0.0238299 0.0258393 0.0343963 0.0000000 0.0266038 0.0364484 0.0364582 0.0051507 0.0238240 0.0238299 0.0238240 0.0238299 0.0209935 0.0245095 0.0245095 0.0621579 0.0621579 0.0621579 0.0621579 0.0621579 
PonPyg_chrY_LOC129025902_29061134_Q10.1B_C1_t                             0.0603781 0.0641011 0.0626123 0.0603576 0.0591120 0.0591120 0.0634392 0.0634392 0.0652216 0.0659878 0.0659878 0.0666909 0.0644158 0.0668546 0.0676297 0.0666909 0.0322262 0.0322262 0.0329509 0.0139138 0.0322262 0.0322262 0.0322469 0.0043468 0.0043468 0.0272900 0.0265755 0.0126415 0.0126490 0.0037231 0.0037231 0.0119811 0.0113393 0.0126127 0.0127383 0.0329220 0.0113393 0.0132683 0.0322439 0.0266038 0.0000000 0.0329172 0.0343001 0.0303049 0.0126167 0.0113393 0.0126167 0.0113393 0.0082071 0.0030986 0.0030986 0.0646087 0.0646087 0.0646087 0.0646087 0.0646087 
PonPyg_chrY_LOC129025901_36614912_Q23B_C1_t                               0.0563012 0.0584914 0.0570286 0.0548154 0.0557988 0.0557988 0.0585970 0.0585970 0.0610697 0.0618245 0.0618245 0.0625199 0.0617909 0.0626721 0.0634344 0.0625199 0.0006173 0.0006173 0.0100361 0.0327919 0.0006173 0.0006173 0.0106800 0.0321299 0.0321299 0.0371636 0.0364091 0.0342078 0.0342298 0.0314522 0.0314522 0.0334678 0.0327781 0.0341268 0.0344797 0.0100281 0.0327781 0.0334793 0.0093958 0.0364484 0.0329172 0.0000000 0.0012357 0.0390958 0.0327699 0.0327781 0.0327699 0.0327781 0.0272095 0.0307543 0.0307543 0.0597174 0.0597174 0.0597174 0.0597174 0.0597174 
PonPyg_chrY_LOC129025898_36502421_Q23A_C1_-                               0.0577897 0.0599874 0.0585196 0.0562981 0.0572915 0.0572915 0.0600962 0.0600962 0.0625840 0.0633416 0.0633416 0.0640382 0.0633069 0.0641947 0.0649599 0.0640382 0.0018553 0.0018553 0.0100386 0.0341701 0.0018553 0.0018553 0.0106827 0.0335054 0.0335054 0.0371736 0.0364189 0.0355929 0.0356159 0.0328264 0.0328264 0.0348481 0.0341557 0.0355084 0.0358763 0.0100306 0.0341557 0.0348601 0.0093982 0.0364582 0.0343001 0.0012357 0.0000000 0.0405497 0.0341471 0.0341557 0.0341471 0.0341557 0.0289828 0.0321253 0.0321253 0.0597157 0.0597157 0.0597157 0.0597157 0.0597157 
PonPyg_chrY_LOC129025896_25891571_Q5.1A_C1_-                              0.0587532 0.0625922 0.0610568 0.0587326 0.0581230 0.0581230 0.0650370 0.0650370 0.0653012 0.0660953 0.0660953 0.0684209 0.0676533 0.0685963 0.0694012 0.0684209 0.0383690 0.0383690 0.0391491 0.0301963 0.0383690 0.0383690 0.0384062 0.0295096 0.0295096 0.0044994 0.0038474 0.0288364 0.0288554 0.0281091 0.0281091 0.0273987 0.0273987 0.0280789 0.0283751 0.0391131 0.0273987 0.0294946 0.0384023 0.0051507 0.0303049 0.0390958 0.0405497 0.0000000 0.0273916 0.0273987 0.0273916 0.0273987 0.0246436 0.0281091 0.0281091 0.0652110 0.0652110 0.0652110 0.0652110 0.0652110 
PonPyg_chrY_LOC129025890_34656667_Q19A_C1_-                               0.0586124 0.0623051 0.0608284 0.0585927 0.0573504 0.0573504 0.0616461 0.0616461 0.0626476 0.0634058 0.0634058 0.0641030 0.0618520 0.0642598 0.0650256 0.0641030 0.0320827 0.0320827 0.0314389 0.0087181 0.0320827 0.0320827 0.0307413 0.0119402 0.0119402 0.0245010 0.0237988 0.0074683 0.0074727 0.0113037 0.0113037 0.0068292 0.0062025 0.0024666 0.0024906 0.0314117 0.0062025 0.0080875 0.0307384 0.0238240 0.0126167 0.0327699 0.0341471 0.0273916 0.0000000 0.0062025 0.0000010 0.0062025 0.0065228 0.0106618 0.0106618 0.0627945 0.0627945 0.0627945 0.0627945 0.0627945 
PonPyg_chrY_LOC129025889_39332081_Q26A_C1_-                               0.0586274 0.0623210 0.0608439 0.0586076 0.0573651 0.0573651 0.0616618 0.0616618 0.0626637 0.0634221 0.0634221 0.0641195 0.0618678 0.0642763 0.0650423 0.0641195 0.0320902 0.0320902 0.0314468 0.0024701 0.0320902 0.0320902 0.0307490 0.0106686 0.0106686 0.0245072 0.0238048 0.0012344 0.0012351 0.0100338 0.0100338 0.0006158 0.0000010 0.0062005 0.0062615 0.0314196 0.0000010 0.0018508 0.0307462 0.0238299 0.0113393 0.0327781 0.0341557 0.0273987 0.0062025 0.0000000 0.0062025 0.0000010 0.0016202 0.0093944 0.0093944 0.0620465 0.0620465 0.0620465 0.0620465 0.0620465 
PonPyg_chrY_LOC129025888_34816536_Q19B_C1_t                               0.0586124 0.0623051 0.0608284 0.0585927 0.0573504 0.0573504 0.0616461 0.0616461 0.0626476 0.0634058 0.0634058 0.0641030 0.0618520 0.0642598 0.0650256 0.0641030 0.0320827 0.0320827 0.0314389 0.0087181 0.0320827 0.0320827 0.0307413 0.0119402 0.0119402 0.0245010 0.0237988 0.0074683 0.0074727 0.0113037 0.0113037 0.0068292 0.0062025 0.0024666 0.0024906 0.0314117 0.0062025 0.0080875 0.0307384 0.0238240 0.0126167 0.0327699 0.0341471 0.0273916 0.0000010 0.0062025 0.0000000 0.0062025 0.0065228 0.0106618 0.0106618 0.0627945 0.0627945 0.0627945 0.0627945 0.0627945 
PonPyg_chrY_LOC129025887_39491754_Q26B_C1_t                               0.0586274 0.0623210 0.0608439 0.0586076 0.0573651 0.0573651 0.0616618 0.0616618 0.0626637 0.0634221 0.0634221 0.0641195 0.0618678 0.0642763 0.0650423 0.0641195 0.0320902 0.0320902 0.0314468 0.0024701 0.0320902 0.0320902 0.0307490 0.0106686 0.0106686 0.0245072 0.0238048 0.0012344 0.0012351 0.0100338 0.0100338 0.0006158 0.0000010 0.0062005 0.0062615 0.0314196 0.0000010 0.0018508 0.0307462 0.0238299 0.0113393 0.0327781 0.0341557 0.0273987 0.0062025 0.0000010 0.0062025 0.0000000 0.0016202 0.0093944 0.0093944 0.0620465 0.0620465 0.0620465 0.0620465 0.0620465 
PonPyg_chrY_LOC129025886_29671200_Q11A_C1_-                               0.0496065 0.0543094 0.0524274 0.0495848 0.0508827 0.0508827 0.0525326 0.0525326 0.0537557 0.0547208 0.0547208 0.0565933 0.0527532 0.0567706 0.0577491 0.0565933 0.0263244 0.0263244 0.0281068 0.0032485 0.0263244 0.0263244 0.0272067 0.0081923 0.0081923 0.0218718 0.0209645 0.0032543 0.0032568 0.0073661 0.0073661 0.0024334 0.0016202 0.0065200 0.0066042 0.0280753 0.0016202 0.0000010 0.0272035 0.0209935 0.0082071 0.0272095 0.0289828 0.0246436 0.0065228 0.0016202 0.0065228 0.0016202 0.0000000 0.0065366 0.0065366 0.0578565 0.0578565 0.0578565 0.0578565 0.0578565 
PonPyg_chrY_LOC129025882_41685721_Q29B_C1_t                               0.0579244 0.0616144 0.0601388 0.0579049 0.0566609 0.0566609 0.0609549 0.0609549 0.0627103 0.0634693 0.0634693 0.0626442 0.0603991 0.0627969 0.0635606 0.0626442 0.0300694 0.0300694 0.0307852 0.0119463 0.0300694 0.0300694 0.0300886 0.0024697 0.0024697 0.0251884 0.0244836 0.0106826 0.0106888 0.0018509 0.0018509 0.0100306 0.0093944 0.0106583 0.0107639 0.0307586 0.0093944 0.0113065 0.0300859 0.0245095 0.0030986 0.0307543 0.0321253 0.0281091 0.0106618 0.0093944 0.0106618 0.0093944 0.0065366 0.0000000 0.0000010 0.0620980 0.0620980 0.0620980 0.0620980 0.0620980 
PonPyg_chrY_LOC129025879_41525936_Q29A_C1_-                               0.0579244 0.0616144 0.0601388 0.0579049 0.0566609 0.0566609 0.0609549 0.0609549 0.0627103 0.0634693 0.0634693 0.0626442 0.0603991 0.0627969 0.0635606 0.0626442 0.0300694 0.0300694 0.0307852 0.0119463 0.0300694 0.0300694 0.0300886 0.0024697 0.0024697 0.0251884 0.0244836 0.0106826 0.0106888 0.0018509 0.0018509 0.0100306 0.0093944 0.0106583 0.0107639 0.0307586 0.0093944 0.0113065 0.0300859 0.0245095 0.0030986 0.0307543 0.0321253 0.0281091 0.0106618 0.0093944 0.0106618 0.0093944 0.0065366 0.0000010 0.0000000 0.0620980 0.0620980 0.0620980 0.0620980 0.0620980 
SymSyn_chrY_LOC129476678_19362995_Q6.1A_nonC_-                            0.0499001 0.0542551 0.0520471 0.0498835 0.0522680 0.0522680 0.0535723 0.0535723 0.0544947 0.0552291 0.0552291 0.0573907 0.0566770 0.0575274 0.0582718 0.0573907 0.0589600 0.0589600 0.0628029 0.0635998 0.0589600 0.0589600 0.0620117 0.0628642 0.0628642 0.0629507 0.0620885 0.0636732 0.0637192 0.0628901 0.0628901 0.0628106 0.0620465 0.0642792 0.0649858 0.0627419 0.0620465 0.0628339 0.0620048 0.0621579 0.0646087 0.0597174 0.0597157 0.0652110 0.0627945 0.0620465 0.0627945 0.0620465 0.0578565 0.0620980 0.0620980 0.0000000 0.0000010 0.0000010 0.0000010 0.0000010 
SymSyn_chrY_LOC129476738_21408483_Q6.5B_nonC_t                            0.0499001 0.0542551 0.0520471 0.0498835 0.0522680 0.0522680 0.0535723 0.0535723 0.0544947 0.0552291 0.0552291 0.0573907 0.0566770 0.0575274 0.0582718 0.0573907 0.0589600 0.0589600 0.0628029 0.0635998 0.0589600 0.0589600 0.0620117 0.0628642 0.0628642 0.0629507 0.0620885 0.0636732 0.0637192 0.0628901 0.0628901 0.0628106 0.0620465 0.0642792 0.0649858 0.0627419 0.0620465 0.0628339 0.0620048 0.0621579 0.0646087 0.0597174 0.0597157 0.0652110 0.0627945 0.0620465 0.0627945 0.0620465 0.0578565 0.0620980 0.0620980 0.0000010 0.0000000 0.0000010 0.0000010 0.0000010 
SymSyn_chrY_LOC129476749_20615009_Q6.2B_nonC_-                            0.0499001 0.0542551 0.0520471 0.0498835 0.0522680 0.0522680 0.0535723 0.0535723 0.0544947 0.0552291 0.0552291 0.0573907 0.0566770 0.0575274 0.0582718 0.0573907 0.0589600 0.0589600 0.0628029 0.0635998 0.0589600 0.0589600 0.0620117 0.0628642 0.0628642 0.0629507 0.0620885 0.0636732 0.0637192 0.0628901 0.0628901 0.0628106 0.0620465 0.0642792 0.0649858 0.0627419 0.0620465 0.0628339 0.0620048 0.0621579 0.0646087 0.0597174 0.0597157 0.0652110 0.0627945 0.0620465 0.0627945 0.0620465 0.0578565 0.0620980 0.0620980 0.0000010 0.0000010 0.0000000 0.0000010 0.0000010 
SymSyn_chrY_LOC129476751_21915157_Q6.9B_nonC_-                            0.0499001 0.0542551 0.0520471 0.0498835 0.0522680 0.0522680 0.0535723 0.0535723 0.0544947 0.0552291 0.0552291 0.0573907 0.0566770 0.0575274 0.0582718 0.0573907 0.0589600 0.0589600 0.0628029 0.0635998 0.0589600 0.0589600 0.0620117 0.0628642 0.0628642 0.0629507 0.0620885 0.0636732 0.0637192 0.0628901 0.0628901 0.0628106 0.0620465 0.0642792 0.0649858 0.0627419 0.0620465 0.0628339 0.0620048 0.0621579 0.0646087 0.0597174 0.0597157 0.0652110 0.0627945 0.0620465 0.0627945 0.0620465 0.0578565 0.0620980 0.0620980 0.0000010 0.0000010 0.0000010 0.0000000 0.0000010 
SymSyn_chrY_LOC129476752_20108307_Q6.2A_nonC_t                            0.0499001 0.0542551 0.0520471 0.0498835 0.0522680 0.0522680 0.0535723 0.0535723 0.0544947 0.0552291 0.0552291 0.0573907 0.0566770 0.0575274 0.0582718 0.0573907 0.0589600 0.0589600 0.0628029 0.0635998 0.0589600 0.0589600 0.0620117 0.0628642 0.0628642 0.0629507 0.0620885 0.0636732 0.0637192 0.0628901 0.0628901 0.0628106 0.0620465 0.0642792 0.0649858 0.0627419 0.0620465 0.0628339 0.0620048 0.0621579 0.0646087 0.0597174 0.0597157 0.0652110 0.0627945 0.0620465 0.0627945 0.0620465 0.0578565 0.0620980 0.0620980 0.0000010 0.0000010 0.0000010 0.0000010 0.0000000 
