21
HomSap_chrY_HSFY1_19436129_Q5A_nonC_t                                  0.0000000 0.0000010 0.0367874 0.0385111 0.0359039 0.0367643 0.0367643 0.0376513 0.0367643 0.0376513 0.0376576 0.0461223 0.0461223 0.0461223 0.0461223 0.0461223 0.0308125 0.0245659 0.0245637 0.0214246 0.0198889 
HomSap_chrY_HSFY2_19637916_Q5B_nonC_-                                  0.0000010 0.0000000 0.0367874 0.0385111 0.0359039 0.0367643 0.0367643 0.0376513 0.0367643 0.0376513 0.0376576 0.0461223 0.0461223 0.0461223 0.0461223 0.0461223 0.0308125 0.0245659 0.0245637 0.0214246 0.0198889 
PonPyg_chrY_LOC129025837_31859828_nonP-closest-Q14A-at-123709_nonC_-   0.0367874 0.0367874 0.0000000 0.0033121 0.0008262 0.0016546 0.0016546 0.0024839 0.0016546 0.0024839 0.0024843 0.0403233 0.0403233 0.0403233 0.0403233 0.0403233 0.0483244 0.0419424 0.0387213 0.0387062 0.0371473 
PonPyg_chrY_LOC129025904_30564830_nonP-closest-Q12B-at-128475_nonC_t   0.0385111 0.0385111 0.0033121 0.0000000 0.0024822 0.0016536 0.0016536 0.0024823 0.0016536 0.0024823 0.0024827 0.0429454 0.0429454 0.0429454 0.0429454 0.0429454 0.0466985 0.0403314 0.0403280 0.0371052 0.0355490 
PonPyg_chrY_LOC129025964_40237186_nonP-closest-Q27.2B-at-127218_nonC_t 0.0359039 0.0359039 0.0008262 0.0024822 0.0000000 0.0008257 0.0008257 0.0016547 0.0008257 0.0016547 0.0016549 0.0403303 0.0403303 0.0403303 0.0403303 0.0403303 0.0466985 0.0403314 0.0403280 0.0371052 0.0355490 
PonPyg_chrY_LOC129025967_38005344_nonP-closest-Q25.2B-at-127993_nonC_t 0.0367643 0.0367643 0.0016546 0.0016536 0.0008257 0.0000000 0.0000010 0.0008257 0.0000010 0.0008257 0.0008258 0.0411928 0.0411928 0.0411928 0.0411928 0.0411928 0.0466985 0.0403314 0.0403280 0.0371052 0.0355490 
PonAbe_chrY_LOC129053171_38381325_nonP-closest-Q10A-at-128446_nonC_-   0.0367643 0.0367643 0.0016546 0.0016536 0.0008257 0.0000010 0.0000000 0.0008257 0.0000010 0.0008257 0.0008258 0.0411928 0.0411928 0.0411928 0.0411928 0.0411928 0.0466985 0.0403314 0.0403280 0.0371052 0.0355490 
PonAbe_chrY_LOC129053184_42690674_nonP-closest-Q16.2A-at-127319_nonC_- 0.0376513 0.0376513 0.0024839 0.0024823 0.0016547 0.0008257 0.0008257 0.0000000 0.0008257 0.0000010 0.0016550 0.0420841 0.0420841 0.0420841 0.0420841 0.0420841 0.0466985 0.0403314 0.0403280 0.0371052 0.0355490 
PonAbe_chrY_LOC129053190_44866677_nonP-closest-Q19.3A-at-130677_nonC_- 0.0367643 0.0367643 0.0016546 0.0016536 0.0008257 0.0000010 0.0000010 0.0008257 0.0000000 0.0008257 0.0008258 0.0411928 0.0411928 0.0411928 0.0411928 0.0411928 0.0466985 0.0403314 0.0403280 0.0371052 0.0355490 
PonAbe_chrY_LOC129053362_53211300_nonP-closest-Q7B-at-80767_nonC_t     0.0376513 0.0376513 0.0024839 0.0024823 0.0016547 0.0008257 0.0008257 0.0000010 0.0008257 0.0000000 0.0016550 0.0420841 0.0420841 0.0420841 0.0420841 0.0420841 0.0466985 0.0403314 0.0403280 0.0371052 0.0355490 
PonAbe_chrY_LOC129053487_48814026_nonP-closest-Q1.2B-at-17323_nonC_-   0.0376576 0.0376576 0.0024843 0.0024827 0.0016549 0.0008258 0.0008258 0.0016550 0.0008258 0.0016550 0.0000000 0.0420911 0.0420911 0.0420911 0.0420911 0.0420911 0.0483436 0.0419590 0.0419555 0.0387215 0.0371620 
SymSyn_chrY_LOC129476741_21345383_Q6.5B_nonC_t                         0.0461223 0.0461223 0.0403233 0.0429454 0.0403303 0.0411928 0.0411928 0.0420841 0.0411928 0.0420841 0.0420911 0.0000000 0.0000010 0.0000010 0.0000010 0.0000010 0.0547444 0.0499148 0.0466738 0.0466382 0.0450707 
SymSyn_chrY_LOC129476748_19426501_Q6.1A_nonC_-                         0.0461223 0.0461223 0.0403233 0.0429454 0.0403303 0.0411928 0.0411928 0.0420841 0.0411928 0.0420841 0.0420911 0.0000010 0.0000000 0.0000010 0.0000010 0.0000010 0.0547444 0.0499148 0.0466738 0.0466382 0.0450707 
SymSyn_chrY_LOC129476753_20045205_Q6.2A_nonC_t                         0.0461223 0.0461223 0.0403233 0.0429454 0.0403303 0.0411928 0.0411928 0.0420841 0.0411928 0.0420841 0.0420911 0.0000010 0.0000010 0.0000000 0.0000010 0.0000010 0.0547444 0.0499148 0.0466738 0.0466382 0.0450707 
SymSyn_chrY_LOC129476760_20678509_Q6.2B_nonC_-                         0.0461223 0.0461223 0.0403233 0.0429454 0.0403303 0.0411928 0.0411928 0.0420841 0.0411928 0.0420841 0.0420911 0.0000010 0.0000010 0.0000010 0.0000000 0.0000010 0.0547444 0.0499148 0.0466738 0.0466382 0.0450707 
SymSyn_chrY_LOC129476768_21978653_Q6.9B_nonC_-                         0.0461223 0.0461223 0.0403233 0.0429454 0.0403303 0.0411928 0.0411928 0.0420841 0.0411928 0.0420841 0.0420911 0.0000010 0.0000010 0.0000010 0.0000010 0.0000000 0.0547444 0.0499148 0.0466738 0.0466382 0.0450707 
GorGor_chrY_LOC129530208_41620825_nonP-closest-Q17.1A-at-287859_nonC_t 0.0308125 0.0308125 0.0483244 0.0466985 0.0466985 0.0466985 0.0466985 0.0466985 0.0466985 0.0466985 0.0483436 0.0547444 0.0547444 0.0547444 0.0547444 0.0547444 0.0000000 0.0151921 0.0121235 0.0121147 0.0105975 
GorGor_chrY_LOC129530236_19044257_nonP-closest-Q8B-at-70837_nonC_-     0.0245659 0.0245659 0.0419424 0.0403314 0.0403314 0.0403314 0.0403314 0.0403314 0.0403314 0.0403314 0.0419590 0.0499148 0.0499148 0.0499148 0.0499148 0.0499148 0.0151921 0.0000000 0.0090843 0.0030134 0.0045263 
GorGor_chrY_LOC129530237_18802999_nonP-closest-Q8A-at-72618_nonC_t     0.0245637 0.0245637 0.0387213 0.0403280 0.0403280 0.0403280 0.0403280 0.0403280 0.0403280 0.0403280 0.0419555 0.0466738 0.0466738 0.0466738 0.0466738 0.0466738 0.0121235 0.0090843 0.0000000 0.0060368 0.0045259 
GorGor_chrY_LOC129530294_17252746_Q5.1A_nonC_t                         0.0214246 0.0214246 0.0387062 0.0371052 0.0371052 0.0371052 0.0371052 0.0371052 0.0371052 0.0371052 0.0387215 0.0466382 0.0466382 0.0466382 0.0466382 0.0466382 0.0121147 0.0030134 0.0060368 0.0000000 0.0015040 
GorGor_chrY_LOC129530295_17487915_Q5.1B_nonC_-                         0.0198889 0.0198889 0.0371473 0.0355490 0.0355490 0.0355490 0.0355490 0.0355490 0.0355490 0.0355490 0.0371620 0.0450707 0.0450707 0.0450707 0.0450707 0.0450707 0.0105975 0.0045263 0.0045259 0.0015040 0.0000000 
