83
GorGor_chrY_LOC129530238_19671638_nonP-closest-Q10B-at-60465_nonC_-       0.0000000 0.0025992 0.0034693 0.0043414 0.0141248 0.0159200 0.0269797 0.0227253 0.0141122 0.0223629 0.0242264 0.0242571 0.0260992 0.0270603 0.0251696 0.0242464 0.0269788 0.0269344 0.0278825 0.0278825 0.0278825 0.0269426 0.0278825 0.0278825 0.0278825 0.0278825 0.0288816 0.0298530 0.0297802 0.0307075 0.0269788 0.0326085 0.0326085 0.0335493 0.0335493 0.0335493 0.0316442 0.0307080 0.0326085 0.0289161 0.0325833 0.0297641 0.0297641 0.0297641 0.0307006 0.0335582 0.0404669 0.0306940 0.0413286 0.0433067 0.0725908 0.0725908 0.0725908 0.0725908 0.0661793 0.0945795 0.0945795 0.0945795 0.0958736 0.0945795 0.0376736 0.0643347 0.2260886 0.2260886 0.2466047 0.2480905 0.2480905 0.2480905 0.2480905 0.2480905 0.2389629 0.2389629 0.2389629 0.2389629 0.2389629 0.2389629 0.4334475 0.4300934 0.4351280 0.4351280 0.4296382 0.4296382 0.4296382 
GorGor_chrY_LOC129530239_19625715_nonP-closest-Q10B-at-14542_nonC_-       0.0025992 0.0000000 0.0008631 0.0034649 0.0114257 0.0150004 0.0241753 0.0217113 0.0114155 0.0214185 0.0214396 0.0214669 0.0232963 0.0242473 0.0223738 0.0214573 0.0241746 0.0241345 0.0250737 0.0250737 0.0250737 0.0241419 0.0250737 0.0250737 0.0250737 0.0250737 0.0260595 0.0270206 0.0269544 0.0278753 0.0241746 0.0297606 0.0297606 0.0306945 0.0306945 0.0306945 0.0288054 0.0278761 0.0297606 0.0260908 0.0297375 0.0269400 0.0269400 0.0269400 0.0278693 0.0307031 0.0394083 0.0291066 0.0384061 0.0403671 0.0694289 0.0694289 0.0694289 0.0694289 0.0614690 0.0909373 0.0909373 0.0909373 0.0922191 0.0909373 0.0340401 0.0613388 0.2243539 0.2243539 0.2420426 0.2435180 0.2435180 0.2435180 0.2435180 0.2435180 0.2345218 0.2345218 0.2345218 0.2345218 0.2345218 0.2345218 0.4312802 0.4279347 0.4329563 0.4329563 0.4298558 0.4298558 0.4298558 
GorGor_chrY_LOC129530241_19694606_nonP-closest-Q10B-at-83433_nonC_-       0.0034693 0.0008631 0.0000000 0.0025960 0.0105362 0.0141038 0.0232567 0.0207016 0.0105268 0.0205055 0.0205257 0.0205518 0.0223778 0.0233259 0.0214573 0.0205425 0.0232561 0.0232174 0.0241540 0.0241540 0.0241540 0.0232245 0.0241540 0.0241540 0.0241540 0.0241540 0.0251359 0.0260940 0.0260299 0.0269491 0.0232561 0.0288300 0.0288300 0.0297620 0.0297620 0.0297620 0.0278773 0.0269499 0.0288300 0.0251661 0.0288076 0.0260160 0.0260160 0.0260160 0.0269434 0.0297704 0.0383555 0.0275286 0.0374545 0.0394106 0.0684106 0.0684106 0.0684106 0.0684106 0.0599517 0.0897720 0.0897720 0.0897720 0.0910502 0.0897720 0.0322786 0.0613388 0.2226519 0.2226519 0.2406202 0.2420925 0.2420925 0.2420925 0.2420925 0.2420925 0.2331356 0.2331356 0.2331356 0.2331356 0.2331356 0.2331356 0.4295359 0.4261957 0.4312095 0.4312095 0.4281130 0.4281130 0.4281130 
GorGor_chrY_LOC129530240_19648670_nonP-closest-Q10B-at-37497_nonC_-       0.0043414 0.0034649 0.0025960 0.0000000 0.0132120 0.0150016 0.0260221 0.0227253 0.0132002 0.0214201 0.0232766 0.0233061 0.0251427 0.0260997 0.0242161 0.0232958 0.0260212 0.0259783 0.0269227 0.0269227 0.0269227 0.0259863 0.0269227 0.0269227 0.0269227 0.0269227 0.0279167 0.0288839 0.0288134 0.0297378 0.0260212 0.0316322 0.0316322 0.0325701 0.0325701 0.0325701 0.0306717 0.0297385 0.0316322 0.0279500 0.0316078 0.0287979 0.0287979 0.0287979 0.0297313 0.0325789 0.0404669 0.0306940 0.0403213 0.0422922 0.0714832 0.0714832 0.0714832 0.0714832 0.0614766 0.0932925 0.0932925 0.0932925 0.0945817 0.0932925 0.0358132 0.0643347 0.2261177 0.2261177 0.2435196 0.2449983 0.2449983 0.2449983 0.2449983 0.2449983 0.2359596 0.2359596 0.2359596 0.2359596 0.2359596 0.2359596 0.4295892 0.4262485 0.4312630 0.4312630 0.4281661 0.4281661 0.4281661 
GorGor_chrY_LOC129530242_19717578_nonP-closest-Q10B-at-106405_nonC_-      0.0141248 0.0114257 0.0105362 0.0132120 0.0000000 0.0251197 0.0345907 0.0217050 0.0214274 0.0317551 0.0317893 0.0318291 0.0337062 0.0346949 0.0327572 0.0318155 0.0345889 0.0345332 0.0355058 0.0355058 0.0355058 0.0345438 0.0355058 0.0355058 0.0355058 0.0355058 0.0365410 0.0375405 0.0374502 0.0383952 0.0345889 0.0393055 0.0393055 0.0402618 0.0402618 0.0402618 0.0383208 0.0383949 0.0393055 0.0355630 0.0392753 0.0374295 0.0374295 0.0374295 0.0383858 0.0413088 0.0393973 0.0275286 0.0354658 0.0374072 0.0768403 0.0768403 0.0768403 0.0768403 0.0663540 0.0994505 0.0994505 0.0994505 0.1007613 0.0994505 0.0543899 0.0613388 0.2243067 0.2243067 0.2466940 0.2481806 0.2481806 0.2481806 0.2481806 0.2481806 0.2390469 0.2390469 0.2390469 0.2390469 0.2390469 0.2390469 0.4379949 0.4346215 0.4396851 0.4396851 0.4365617 0.4365617 0.4365617 
GorGor_chrY_LOC129530249_25725362_nonP-closest-Q13A-at-289492_nonC_-      0.0159200 0.0150004 0.0141038 0.0150016 0.0251197 0.0000000 0.0250049 0.0196115 0.0177128 0.0222500 0.0241650 0.0241955 0.0260334 0.0269922 0.0251059 0.0241848 0.0269110 0.0268668 0.0278127 0.0278127 0.0278127 0.0268750 0.0278127 0.0278127 0.0278127 0.0278127 0.0288094 0.0297785 0.0297061 0.0306312 0.0269110 0.0325280 0.0325280 0.0334668 0.0334668 0.0334668 0.0315659 0.0306318 0.0325280 0.0288438 0.0325029 0.0296901 0.0296901 0.0296901 0.0306244 0.0334757 0.0372174 0.0242545 0.0412291 0.0432030 0.0714203 0.0714203 0.0714203 0.0714203 0.0583838 0.0885503 0.0885503 0.0885503 0.0898244 0.0885503 0.0374698 0.0582193 0.2210931 0.2210931 0.2407858 0.2422588 0.2422588 0.2422588 0.2422588 0.2422588 0.2347066 0.2347066 0.2347066 0.2347066 0.2347066 0.2347066 0.4351427 0.4317739 0.4368305 0.4368305 0.4337101 0.4337101 0.4337101 
GorGor_chrY_LOC129530256_15477440_nonP-closest-Q2A-at-428101_nonC_t       0.0269797 0.0241753 0.0232567 0.0260221 0.0345907 0.0250049 0.0000000 0.0237001 0.0251109 0.0279339 0.0270765 0.0271107 0.0289684 0.0299412 0.0280302 0.0270989 0.0279463 0.0279004 0.0288525 0.0288525 0.0288525 0.0279090 0.0288525 0.0288525 0.0288525 0.0288525 0.0298572 0.0308331 0.0307580 0.0316883 0.0279463 0.0335967 0.0335967 0.0326645 0.0326645 0.0326645 0.0326283 0.0316888 0.0335967 0.0298928 0.0335707 0.0307413 0.0307413 0.0307413 0.0316812 0.0345498 0.0342114 0.0291095 0.0423514 0.0443373 0.0770034 0.0770034 0.0770034 0.0770034 0.0600761 0.0925464 0.0925464 0.0925464 0.0938375 0.0925464 0.0357323 0.0679809 0.2266466 0.2266466 0.2486135 0.2501055 0.2501055 0.2501055 0.2501055 0.2501055 0.2409104 0.2409104 0.2409104 0.2409104 0.2409104 0.2409104 0.4506752 0.4472524 0.4523901 0.4523901 0.4492270 0.4492270 0.4492270 
GorGor_chrY_LOC129530261_16137383_nonP-closest-Q2A-at-9455_nonC_-         0.0227253 0.0217113 0.0207016 0.0227253 0.0217050 0.0196115 0.0237001 0.0000000 0.0227385 0.0258020 0.0279508 0.0279897 0.0300469 0.0311260 0.0290076 0.0279762 0.0268559 0.0268070 0.0268296 0.0268296 0.0268296 0.0257930 0.0268296 0.0268296 0.0268296 0.0268296 0.0279302 0.0290018 0.0289234 0.0299475 0.0268559 0.0320313 0.0320313 0.0330705 0.0330705 0.0330705 0.0309668 0.0309823 0.0320313 0.0279531 0.0320039 0.0299375 0.0299375 0.0299375 0.0298983 0.0341391 0.0372232 0.0252639 0.0268477 0.0289422 0.0751212 0.0751212 0.0751212 0.0751212 0.0474424 0.0972597 0.0972597 0.0972597 0.0987134 0.0972597 0.0375591 0.0674795 0.2336582 0.2336582 0.2475642 0.2492178 0.2492178 0.2492178 0.2492178 0.2492178 0.2406427 0.2406427 0.2406427 0.2406427 0.2406427 0.2406427 0.4585220 0.4566132 0.4604338 0.4604338 0.4566132 0.4566132 0.4566132 
GorGor_chrY_LOC129530243_19602754_Q10B_nonC_-                             0.0141122 0.0114155 0.0105268 0.0132002 0.0214274 0.0177128 0.0251109 0.0227385 0.0000000 0.0205482 0.0205365 0.0205626 0.0223896 0.0233381 0.0214686 0.0205534 0.0214339 0.0195800 0.0205071 0.0205071 0.0205071 0.0195860 0.0205071 0.0205071 0.0205071 0.0205071 0.0233044 0.0242570 0.0223650 0.0232780 0.0214339 0.0269862 0.0269862 0.0279148 0.0279148 0.0279148 0.0260383 0.0251143 0.0269862 0.0233326 0.0269652 0.0241842 0.0241842 0.0241842 0.0251081 0.0279230 0.0384422 0.0165742 0.0355726 0.0375199 0.0725447 0.0725447 0.0725447 0.0725447 0.0584846 0.0921652 0.0921652 0.0921652 0.0934514 0.0921652 0.0340269 0.0614615 0.2244987 0.2244987 0.2421698 0.2436459 0.2436459 0.2436459 0.2436459 0.2436459 0.2346432 0.2346432 0.2346432 0.2346432 0.2346432 0.2346432 0.4398653 0.4364857 0.4415586 0.4415586 0.4384303 0.4384303 0.4384303 
GorGor_chrY_LOC129530266_16415999_Q2B_nonC_t                              0.0223629 0.0214185 0.0205055 0.0214201 0.0317551 0.0222500 0.0279339 0.0258020 0.0205482 0.0000000 0.0289511 0.0289876 0.0308530 0.0318321 0.0299105 0.0289750 0.0317352 0.0316837 0.0307294 0.0307294 0.0307294 0.0297809 0.0307294 0.0307294 0.0307294 0.0307294 0.0317425 0.0327248 0.0326453 0.0335796 0.0317352 0.0374447 0.0374447 0.0365044 0.0365044 0.0365044 0.0364641 0.0355153 0.0374447 0.0337101 0.0374159 0.0345572 0.0345572 0.0345572 0.0345456 0.0384076 0.0436948 0.0165394 0.0463004 0.0483096 0.0820692 0.0820692 0.0820692 0.0820692 0.0679145 0.0994470 0.0994470 0.0994470 0.1007578 0.0994470 0.0339930 0.0739235 0.2376253 0.2376253 0.2516815 0.2531808 0.2531808 0.2531808 0.2531808 0.2531808 0.2437242 0.2437242 0.2437242 0.2437242 0.2437242 0.2437242 0.4430442 0.4396472 0.4447463 0.4447463 0.4416034 0.4416034 0.4416034 
HomSap_chrY_RBMY1A1_22410130_Q7.3A_nonC_t                                 0.0242264 0.0214396 0.0205257 0.0232766 0.0317893 0.0241650 0.0270765 0.0279508 0.0205365 0.0289511 0.0000000 0.0017344 0.0017337 0.0026067 0.0043541 0.0034787 0.0177515 0.0177215 0.0186415 0.0186415 0.0186415 0.0177269 0.0186415 0.0186415 0.0186415 0.0186415 0.0195980 0.0205368 0.0204858 0.0213936 0.0177515 0.0232452 0.0232452 0.0241647 0.0241647 0.0241647 0.0223095 0.0213947 0.0232452 0.0196219 0.0232271 0.0204750 0.0204750 0.0204750 0.0213893 0.0241722 0.0395508 0.0259492 0.0317326 0.0336573 0.0694815 0.0694815 0.0694815 0.0694815 0.0553091 0.0911782 0.0911782 0.0911782 0.0924645 0.0911782 0.0287171 0.0583174 0.2232873 0.2232873 0.2412081 0.2426852 0.2426852 0.2441151 0.2441151 0.2441151 0.2336908 0.2336908 0.2336908 0.2336908 0.2336908 0.2336908 0.4415258 0.4381316 0.4432264 0.4432264 0.4400854 0.4400854 0.4400854 
HomSap_chrY_RBMY1B_22386600_Q7.1A_nonC_t                                  0.0242571 0.0214669 0.0205518 0.0233061 0.0318291 0.0241955 0.0271107 0.0279897 0.0205626 0.0289876 0.0017344 0.0000000 0.0017315 0.0026035 0.0043597 0.0034834 0.0177742 0.0177441 0.0186652 0.0186652 0.0186652 0.0177495 0.0186652 0.0186652 0.0186652 0.0186652 0.0196229 0.0205629 0.0205118 0.0214207 0.0177742 0.0232746 0.0232746 0.0241952 0.0241952 0.0241952 0.0223377 0.0214218 0.0232746 0.0196469 0.0232565 0.0205010 0.0205010 0.0205010 0.0214165 0.0242027 0.0396049 0.0275807 0.0317723 0.0336993 0.0695633 0.0695633 0.0695633 0.0695633 0.0569143 0.0924645 0.0924645 0.0924645 0.0937557 0.0924645 0.0269770 0.0614942 0.2252659 0.2252659 0.2414403 0.2429186 0.2429186 0.2443495 0.2443495 0.2443495 0.2339130 0.2339130 0.2339130 0.2339130 0.2339130 0.2339130 0.4393809 0.4359951 0.4410774 0.4410774 0.4379431 0.4379431 0.4379431 
HomSap_chrY_RBMY1D_22703948_Q7.3B_nonC_-                                  0.0260992 0.0232963 0.0223778 0.0251427 0.0337062 0.0260334 0.0289684 0.0300469 0.0223896 0.0308530 0.0017337 0.0017315 0.0000000 0.0008660 0.0061143 0.0052355 0.0195858 0.0195529 0.0204788 0.0204788 0.0204788 0.0195588 0.0204788 0.0204788 0.0204788 0.0204788 0.0214442 0.0223900 0.0223346 0.0232466 0.0195858 0.0251089 0.0251089 0.0260330 0.0260330 0.0260330 0.0241671 0.0232476 0.0251089 0.0214703 0.0250894 0.0223227 0.0223227 0.0223227 0.0232419 0.0260409 0.0417165 0.0275807 0.0336465 0.0355827 0.0715939 0.0715939 0.0715939 0.0715939 0.0569143 0.0936172 0.0936172 0.0936172 0.0949118 0.0936172 0.0304487 0.0614942 0.2269321 0.2269321 0.2442578 0.2457419 0.2457419 0.2471778 0.2471778 0.2471778 0.2366598 0.2366598 0.2366598 0.2366598 0.2366598 0.2366598 0.4428495 0.4394536 0.4445509 0.4445509 0.4414090 0.4414090 0.4414090 
HomSap_chrY_RBMY1E_22737692_Q7.3B_nonC_-                                  0.0270603 0.0242473 0.0233259 0.0260997 0.0346949 0.0269922 0.0299412 0.0311260 0.0233381 0.0318321 0.0026067 0.0026035 0.0008660 0.0000000 0.0070039 0.0061222 0.0205227 0.0204883 0.0214179 0.0214179 0.0214179 0.0204945 0.0214179 0.0214179 0.0214179 0.0214179 0.0223886 0.0233385 0.0232808 0.0241956 0.0205227 0.0260647 0.0260647 0.0269917 0.0269917 0.0269917 0.0251191 0.0241966 0.0260647 0.0224158 0.0260444 0.0232684 0.0232684 0.0232684 0.0241906 0.0269998 0.0428395 0.0275807 0.0346336 0.0365769 0.0727052 0.0727052 0.0727052 0.0727052 0.0569143 0.0949118 0.0949118 0.0949118 0.0962114 0.0949118 0.0322761 0.0614942 0.2289230 0.2289230 0.2459263 0.2474145 0.2474145 0.2488541 0.2488541 0.2488541 0.2382824 0.2382824 0.2382824 0.2382824 0.2382824 0.2382824 0.4450261 0.4416215 0.4467318 0.4467318 0.4435829 0.4435829 0.4435829 
HomSap_chrY_RBMY1F_23239128_Q7.7B_nonC_t                                  0.0251696 0.0223738 0.0214573 0.0242161 0.0327572 0.0251059 0.0280302 0.0290076 0.0214686 0.0299105 0.0043541 0.0043597 0.0061143 0.0070039 0.0000000 0.0008653 0.0186732 0.0186418 0.0195650 0.0195650 0.0195650 0.0186474 0.0195650 0.0195650 0.0195650 0.0195650 0.0205263 0.0214689 0.0214157 0.0223258 0.0186732 0.0241835 0.0241835 0.0251056 0.0251056 0.0251056 0.0232444 0.0223269 0.0241835 0.0205513 0.0241647 0.0214043 0.0214043 0.0214043 0.0223214 0.0251133 0.0395869 0.0275604 0.0326989 0.0346301 0.0705613 0.0705613 0.0705613 0.0705613 0.0568819 0.0936083 0.0936083 0.0936083 0.0949029 0.0936083 0.0287171 0.0614274 0.2252301 0.2252301 0.2414128 0.2428912 0.2428912 0.2443224 0.2443224 0.2443224 0.2338851 0.2338851 0.2338851 0.2338851 0.2338851 0.2338851 0.4419160 0.4385183 0.4436183 0.4436183 0.4404743 0.4404743 0.4404743 
HomSap_chrY_RBMY1J_22997071_Q7.7A_nonC_-                                  0.0242464 0.0214573 0.0205425 0.0232958 0.0318155 0.0241848 0.0270989 0.0279762 0.0205534 0.0289750 0.0034787 0.0034834 0.0052355 0.0061222 0.0008653 0.0000000 0.0177661 0.0177361 0.0186567 0.0186567 0.0186567 0.0177415 0.0186567 0.0186567 0.0186567 0.0186567 0.0196141 0.0205537 0.0205026 0.0214111 0.0177661 0.0232643 0.0232643 0.0241845 0.0241845 0.0241845 0.0223278 0.0214122 0.0232643 0.0196380 0.0232462 0.0204918 0.0204918 0.0204918 0.0214069 0.0241921 0.0395869 0.0275604 0.0317588 0.0336850 0.0695389 0.0695389 0.0695389 0.0695389 0.0568819 0.0924333 0.0924333 0.0924333 0.0937243 0.0924333 0.0269770 0.0614274 0.2252301 0.2252301 0.2414128 0.2428912 0.2428912 0.2443224 0.2443224 0.2443224 0.2338851 0.2338851 0.2338851 0.2338851 0.2338851 0.2338851 0.4419160 0.4385183 0.4436183 0.4436183 0.4404743 0.4404743 0.4404743 
PanPan_chrY_LOC129395525_32259993_Q7A_C3_-                                0.0269788 0.0241746 0.0232561 0.0260212 0.0345889 0.0269110 0.0279463 0.0268559 0.0214339 0.0317352 0.0177515 0.0177742 0.0195858 0.0205227 0.0186732 0.0177661 0.0000000 0.0034756 0.0061040 0.0061040 0.0061040 0.0052241 0.0061040 0.0061040 0.0061040 0.0061040 0.0034682 0.0043455 0.0060962 0.0087562 0.0000010 0.0069615 0.0069615 0.0078398 0.0078398 0.0078398 0.0060799 0.0052059 0.0069615 0.0034726 0.0069560 0.0096517 0.0096517 0.0096517 0.0087548 0.0078429 0.0362905 0.0260342 0.0205523 0.0224138 0.0714886 0.0714886 0.0714886 0.0714886 0.0479083 0.0899724 0.0899724 0.0899724 0.0912531 0.0899724 0.0115203 0.0522949 0.2318051 0.2318051 0.2467375 0.2482238 0.2482238 0.2482238 0.2482238 0.2482238 0.2390907 0.2390907 0.2390907 0.2390907 0.2390907 0.2390907 0.4360115 0.4326455 0.4376980 0.4376980 0.4345806 0.4345806 0.4345806 
PanPan_chrY_LOC129395732_27226925_Q12.1A_C3_-                             0.0269344 0.0241345 0.0232174 0.0259783 0.0345332 0.0268668 0.0279004 0.0268070 0.0195800 0.0316837 0.0177215 0.0177441 0.0195529 0.0204883 0.0186418 0.0177361 0.0034756 0.0000000 0.0043447 0.0043447 0.0043447 0.0034705 0.0043447 0.0043447 0.0043447 0.0043447 0.0069888 0.0078810 0.0061032 0.0069804 0.0034756 0.0105209 0.0105209 0.0114095 0.0114095 0.0114095 0.0096261 0.0087419 0.0105209 0.0069975 0.0105126 0.0096350 0.0096350 0.0096350 0.0087397 0.0114138 0.0341457 0.0259611 0.0205177 0.0223763 0.0713863 0.0713863 0.0713863 0.0713863 0.0477958 0.0898397 0.0898397 0.0898397 0.0911190 0.0898397 0.0131800 0.0522949 0.2315520 0.2315520 0.2465263 0.2480121 0.2480121 0.2480121 0.2480121 0.2480121 0.2388852 0.2388852 0.2388852 0.2388852 0.2388852 0.2388852 0.4357182 0.4323545 0.4374036 0.4374036 0.4342881 0.4342881 0.4342881 
PanPan_chrY_LOC129395562_31972820_Q7B_C3_t                                0.0278825 0.0250737 0.0241540 0.0269227 0.0355058 0.0278127 0.0288525 0.0268296 0.0205071 0.0307294 0.0186415 0.0186652 0.0204788 0.0214179 0.0195650 0.0186567 0.0061040 0.0043447 0.0000000 0.0000010 0.0000010 0.0008644 0.0000010 0.0000010 0.0000010 0.0000010 0.0026024 0.0034793 0.0017315 0.0025991 0.0061040 0.0114183 0.0114183 0.0123094 0.0123094 0.0123094 0.0105203 0.0078558 0.0114183 0.0078865 0.0114093 0.0105300 0.0105300 0.0105300 0.0096311 0.0123140 0.0341743 0.0259469 0.0214485 0.0233135 0.0724676 0.0724676 0.0724676 0.0724676 0.0478230 0.0922334 0.0922334 0.0922334 0.0935207 0.0922334 0.0131874 0.0552935 0.2334016 0.2334016 0.2496782 0.2511716 0.2511716 0.2511716 0.2511716 0.2511716 0.2419516 0.2419516 0.2419516 0.2419516 0.2419516 0.2419516 0.4379535 0.4345806 0.4396435 0.4396435 0.4365205 0.4365205 0.4365205 
PanPan_chrY_LOC129395756_23133260_Q15.6A_C3_-                             0.0278825 0.0250737 0.0241540 0.0269227 0.0355058 0.0278127 0.0288525 0.0268296 0.0205071 0.0307294 0.0186415 0.0186652 0.0204788 0.0214179 0.0195650 0.0186567 0.0061040 0.0043447 0.0000010 0.0000000 0.0000010 0.0008644 0.0000010 0.0000010 0.0000010 0.0000010 0.0026024 0.0034793 0.0017315 0.0025991 0.0061040 0.0114183 0.0114183 0.0123094 0.0123094 0.0123094 0.0105203 0.0078558 0.0114183 0.0078865 0.0114093 0.0105300 0.0105300 0.0105300 0.0096311 0.0123140 0.0341743 0.0259469 0.0214485 0.0233135 0.0724676 0.0724676 0.0724676 0.0724676 0.0478230 0.0922334 0.0922334 0.0922334 0.0935207 0.0922334 0.0131874 0.0552935 0.2334016 0.2334016 0.2496782 0.2511716 0.2511716 0.2511716 0.2511716 0.2511716 0.2419516 0.2419516 0.2419516 0.2419516 0.2419516 0.2419516 0.4379535 0.4345806 0.4396435 0.4396435 0.4365205 0.4365205 0.4365205 
PanPan_chrY_LOC129395770_20825312_Q18.5A_C3_-                             0.0278825 0.0250737 0.0241540 0.0269227 0.0355058 0.0278127 0.0288525 0.0268296 0.0205071 0.0307294 0.0186415 0.0186652 0.0204788 0.0214179 0.0195650 0.0186567 0.0061040 0.0043447 0.0000010 0.0000010 0.0000000 0.0008644 0.0000010 0.0000010 0.0000010 0.0000010 0.0026024 0.0034793 0.0017315 0.0025991 0.0061040 0.0114183 0.0114183 0.0123094 0.0123094 0.0123094 0.0105203 0.0078558 0.0114183 0.0078865 0.0114093 0.0105300 0.0105300 0.0105300 0.0096311 0.0123140 0.0341743 0.0259469 0.0214485 0.0233135 0.0724676 0.0724676 0.0724676 0.0724676 0.0478230 0.0922334 0.0922334 0.0922334 0.0935207 0.0922334 0.0131874 0.0552935 0.2334016 0.2334016 0.2496782 0.2511716 0.2511716 0.2511716 0.2511716 0.2511716 0.2419516 0.2419516 0.2419516 0.2419516 0.2419516 0.2419516 0.4379535 0.4345806 0.4396435 0.4396435 0.4365205 0.4365205 0.4365205 
PanPan_chrY_LOC129395611_18581135_Q20.1A_C3_-                             0.0269426 0.0241419 0.0232245 0.0259863 0.0345438 0.0268750 0.0279090 0.0257930 0.0195860 0.0297809 0.0177269 0.0177495 0.0195588 0.0204945 0.0186474 0.0177415 0.0052241 0.0034705 0.0008644 0.0008644 0.0008644 0.0000000 0.0008644 0.0008644 0.0008644 0.0008644 0.0034774 0.0043570 0.0026021 0.0034732 0.0052241 0.0105241 0.0105241 0.0114130 0.0114130 0.0114130 0.0096290 0.0087446 0.0105241 0.0069996 0.0105158 0.0096379 0.0096379 0.0096379 0.0087423 0.0114172 0.0331142 0.0243588 0.0205240 0.0223832 0.0714088 0.0714088 0.0714088 0.0714088 0.0463135 0.0910160 0.0910160 0.0910160 0.0922991 0.0910160 0.0131874 0.0522949 0.2315520 0.2315520 0.2481321 0.2496219 0.2496219 0.2496219 0.2496219 0.2496219 0.2404468 0.2404468 0.2404468 0.2404468 0.2404468 0.2404468 0.4377702 0.4343989 0.4394593 0.4394593 0.4363378 0.4363378 0.4363378 
PanPan_chrY_LOC129395613_18557651_Q20.2A_C3_-                             0.0278825 0.0250737 0.0241540 0.0269227 0.0355058 0.0278127 0.0288525 0.0268296 0.0205071 0.0307294 0.0186415 0.0186652 0.0204788 0.0214179 0.0195650 0.0186567 0.0061040 0.0043447 0.0000010 0.0000010 0.0000010 0.0008644 0.0000000 0.0000010 0.0000010 0.0000010 0.0026024 0.0034793 0.0017315 0.0025991 0.0061040 0.0114183 0.0114183 0.0123094 0.0123094 0.0123094 0.0105203 0.0078558 0.0114183 0.0078865 0.0114093 0.0105300 0.0105300 0.0105300 0.0096311 0.0123140 0.0341743 0.0259469 0.0214485 0.0233135 0.0724676 0.0724676 0.0724676 0.0724676 0.0478230 0.0922334 0.0922334 0.0922334 0.0935207 0.0922334 0.0131874 0.0552935 0.2334016 0.2334016 0.2496782 0.2511716 0.2511716 0.2511716 0.2511716 0.2511716 0.2419516 0.2419516 0.2419516 0.2419516 0.2419516 0.2419516 0.4379535 0.4345806 0.4396435 0.4396435 0.4365205 0.4365205 0.4365205 
PanPan_chrY_LOC129395618_18534441_Q20.3A_C3_-                             0.0278825 0.0250737 0.0241540 0.0269227 0.0355058 0.0278127 0.0288525 0.0268296 0.0205071 0.0307294 0.0186415 0.0186652 0.0204788 0.0214179 0.0195650 0.0186567 0.0061040 0.0043447 0.0000010 0.0000010 0.0000010 0.0008644 0.0000010 0.0000000 0.0000010 0.0000010 0.0026024 0.0034793 0.0017315 0.0025991 0.0061040 0.0114183 0.0114183 0.0123094 0.0123094 0.0123094 0.0105203 0.0078558 0.0114183 0.0078865 0.0114093 0.0105300 0.0105300 0.0105300 0.0096311 0.0123140 0.0341743 0.0259469 0.0214485 0.0233135 0.0724676 0.0724676 0.0724676 0.0724676 0.0478230 0.0922334 0.0922334 0.0922334 0.0935207 0.0922334 0.0131874 0.0552935 0.2334016 0.2334016 0.2496782 0.2511716 0.2511716 0.2511716 0.2511716 0.2511716 0.2419516 0.2419516 0.2419516 0.2419516 0.2419516 0.2419516 0.4379535 0.4345806 0.4396435 0.4396435 0.4365205 0.4365205 0.4365205 
PanPan_chrY_LOC129395757_22838971_Q15.6B_C3_t                             0.0278825 0.0250737 0.0241540 0.0269227 0.0355058 0.0278127 0.0288525 0.0268296 0.0205071 0.0307294 0.0186415 0.0186652 0.0204788 0.0214179 0.0195650 0.0186567 0.0061040 0.0043447 0.0000010 0.0000010 0.0000010 0.0008644 0.0000010 0.0000010 0.0000000 0.0000010 0.0026024 0.0034793 0.0017315 0.0025991 0.0061040 0.0114183 0.0114183 0.0123094 0.0123094 0.0123094 0.0105203 0.0078558 0.0114183 0.0078865 0.0114093 0.0105300 0.0105300 0.0105300 0.0096311 0.0123140 0.0341743 0.0259469 0.0214485 0.0233135 0.0724676 0.0724676 0.0724676 0.0724676 0.0478230 0.0922334 0.0922334 0.0922334 0.0935207 0.0922334 0.0131874 0.0552935 0.2334016 0.2334016 0.2496782 0.2511716 0.2511716 0.2511716 0.2511716 0.2511716 0.2419516 0.2419516 0.2419516 0.2419516 0.2419516 0.2419516 0.4379535 0.4345806 0.4396435 0.4396435 0.4365205 0.4365205 0.4365205 
PanPan_chrY_LOC129395771_20531077_Q18.5B_C3_t                             0.0278825 0.0250737 0.0241540 0.0269227 0.0355058 0.0278127 0.0288525 0.0268296 0.0205071 0.0307294 0.0186415 0.0186652 0.0204788 0.0214179 0.0195650 0.0186567 0.0061040 0.0043447 0.0000010 0.0000010 0.0000010 0.0008644 0.0000010 0.0000010 0.0000010 0.0000000 0.0026024 0.0034793 0.0017315 0.0025991 0.0061040 0.0114183 0.0114183 0.0123094 0.0123094 0.0123094 0.0105203 0.0078558 0.0114183 0.0078865 0.0114093 0.0105300 0.0105300 0.0105300 0.0096311 0.0123140 0.0341743 0.0259469 0.0214485 0.0233135 0.0724676 0.0724676 0.0724676 0.0724676 0.0478230 0.0922334 0.0922334 0.0922334 0.0935207 0.0922334 0.0131874 0.0552935 0.2334016 0.2334016 0.2496782 0.2511716 0.2511716 0.2511716 0.2511716 0.2511716 0.2419516 0.2419516 0.2419516 0.2419516 0.2419516 0.2419516 0.4379535 0.4345806 0.4396435 0.4396435 0.4365205 0.4365205 0.4365205 
PanPan_chrY_LOC129395776_29776779_Q9.1A_C3_-                              0.0288816 0.0260595 0.0251359 0.0279167 0.0365410 0.0288094 0.0298572 0.0279302 0.0233044 0.0317425 0.0195980 0.0196229 0.0214442 0.0223886 0.0205263 0.0196141 0.0034682 0.0069888 0.0026024 0.0026024 0.0026024 0.0034774 0.0026024 0.0026024 0.0026024 0.0026024 0.0000000 0.0008645 0.0025990 0.0052282 0.0034682 0.0087336 0.0087336 0.0096169 0.0096169 0.0096169 0.0078455 0.0052075 0.0087336 0.0052278 0.0087267 0.0114481 0.0114481 0.0114481 0.0105440 0.0096206 0.0374049 0.0276351 0.0224206 0.0242948 0.0736587 0.0736587 0.0736587 0.0736587 0.0494793 0.0936259 0.0936259 0.0936259 0.0949193 0.0936259 0.0132184 0.0552935 0.2356289 0.2356289 0.2515446 0.2530429 0.2530429 0.2530429 0.2530429 0.2530429 0.2437654 0.2437654 0.2437654 0.2437654 0.2437654 0.2437654 0.4403997 0.4370158 0.4420951 0.4420951 0.4389632 0.4389632 0.4389632 
PanPan_chrY_LOC129395777_29753578_Q9.2A_C3_-                              0.0298530 0.0270206 0.0260940 0.0288839 0.0375405 0.0297785 0.0308331 0.0290018 0.0242570 0.0327248 0.0205368 0.0205629 0.0223900 0.0233385 0.0214689 0.0205537 0.0043455 0.0078810 0.0034793 0.0034793 0.0034793 0.0043570 0.0034793 0.0034793 0.0034793 0.0034793 0.0008645 0.0000000 0.0034748 0.0061140 0.0043455 0.0096296 0.0096296 0.0105160 0.0105160 0.0105160 0.0087378 0.0060897 0.0096296 0.0061136 0.0096220 0.0123577 0.0123577 0.0123577 0.0114496 0.0105200 0.0385134 0.0276351 0.0233717 0.0252531 0.0747802 0.0747802 0.0747802 0.0747802 0.0494793 0.0949261 0.0949261 0.0949261 0.0962246 0.0949261 0.0149360 0.0552935 0.2376651 0.2376651 0.2532483 0.2547509 0.2547509 0.2547509 0.2547509 0.2547509 0.2454216 0.2454216 0.2454216 0.2454216 0.2454216 0.2454216 0.4425997 0.4392069 0.4442996 0.4442996 0.4411604 0.4411604 0.4411604 
PanPan_chrY_LOC129395778_29730086_Q9.3A_C3_-                              0.0297802 0.0269544 0.0260299 0.0288134 0.0374502 0.0297061 0.0307580 0.0289234 0.0223650 0.0326453 0.0204858 0.0205118 0.0223346 0.0232808 0.0214157 0.0205026 0.0060962 0.0061032 0.0017315 0.0017315 0.0017315 0.0026021 0.0017315 0.0017315 0.0017315 0.0017315 0.0025990 0.0034748 0.0000000 0.0043483 0.0060962 0.0114038 0.0114038 0.0122939 0.0122939 0.0122939 0.0105069 0.0078458 0.0114038 0.0078764 0.0113949 0.0105436 0.0105436 0.0123265 0.0114207 0.0122984 0.0342214 0.0275782 0.0214758 0.0251908 0.0746142 0.0746142 0.0746142 0.0746142 0.0493929 0.0947050 0.0947050 0.0947050 0.0960010 0.0947050 0.0132192 0.0552935 0.2371732 0.2371732 0.2528296 0.2543305 0.2543305 0.2543305 0.2543305 0.2543305 0.2450181 0.2450181 0.2450181 0.2450181 0.2450181 0.2450181 0.4419342 0.4385469 0.4436313 0.4436313 0.4404969 0.4404969 0.4404969 
PanPan_chrY_LOC129395779_29435508_Q9.3B_C3_t                              0.0307075 0.0278753 0.0269491 0.0297378 0.0383952 0.0306312 0.0316883 0.0299475 0.0232780 0.0335796 0.0213936 0.0214207 0.0232466 0.0241956 0.0223258 0.0214111 0.0087562 0.0069804 0.0025991 0.0025991 0.0025991 0.0034732 0.0025991 0.0025991 0.0025991 0.0025991 0.0052282 0.0061140 0.0043483 0.0000000 0.0087562 0.0141117 0.0141117 0.0150094 0.0150094 0.0150094 0.0132050 0.0105179 0.0141117 0.0105589 0.0141007 0.0132172 0.0132172 0.0132172 0.0123087 0.0150147 0.0373604 0.0291664 0.0242298 0.0261113 0.0756390 0.0756390 0.0756390 0.0756390 0.0508930 0.0958788 0.0958788 0.0958788 0.0971786 0.0958788 0.0148562 0.0614424 0.2389559 0.2389559 0.2543187 0.2558231 0.2558231 0.2558231 0.2558231 0.2558231 0.2464665 0.2464665 0.2464665 0.2464665 0.2464665 0.2464665 0.4414639 0.4380805 0.4431590 0.4431590 0.4400281 0.4400281 0.4400281 
PanPan_chrY_LOC129395540_25449086_Q12.14B_C3_t                            0.0269788 0.0241746 0.0232561 0.0260212 0.0345889 0.0269110 0.0279463 0.0268559 0.0214339 0.0317352 0.0177515 0.0177742 0.0195858 0.0205227 0.0186732 0.0177661 0.0000010 0.0034756 0.0061040 0.0061040 0.0061040 0.0052241 0.0061040 0.0061040 0.0061040 0.0061040 0.0034682 0.0043455 0.0060962 0.0087562 0.0000000 0.0069615 0.0069615 0.0078398 0.0078398 0.0078398 0.0060799 0.0052059 0.0069615 0.0034726 0.0069560 0.0096517 0.0096517 0.0096517 0.0087548 0.0078429 0.0362905 0.0260342 0.0205523 0.0224138 0.0714886 0.0714886 0.0714886 0.0714886 0.0479083 0.0899724 0.0899724 0.0899724 0.0912531 0.0899724 0.0115203 0.0522949 0.2318051 0.2318051 0.2467375 0.2482238 0.2482238 0.2482238 0.2482238 0.2482238 0.2390907 0.2390907 0.2390907 0.2390907 0.2390907 0.2390907 0.4360115 0.4326455 0.4376980 0.4376980 0.4345806 0.4345806 0.4345806 
PanPan_chrY_LOC129395558_34784065_Q5A_C3_-                                0.0326085 0.0297606 0.0288300 0.0316322 0.0393055 0.0325280 0.0335967 0.0320313 0.0269862 0.0374447 0.0232452 0.0232746 0.0251089 0.0260647 0.0241835 0.0232643 0.0069615 0.0105209 0.0114183 0.0114183 0.0114183 0.0105241 0.0114183 0.0114183 0.0114183 0.0114183 0.0087336 0.0096296 0.0114038 0.0141117 0.0069615 0.0000000 0.0000010 0.0008631 0.0008631 0.0008631 0.0043366 0.0052158 0.0017275 0.0069723 0.0052095 0.0150243 0.0150243 0.0150243 0.0141092 0.0113906 0.0415941 0.0260342 0.0251250 0.0270092 0.0765882 0.0765882 0.0765882 0.0765882 0.0478017 0.0957533 0.0957533 0.0957533 0.0970512 0.0957533 0.0182331 0.0522949 0.2387180 0.2387180 0.2539864 0.2554887 0.2554887 0.2554887 0.2554887 0.2554887 0.2461502 0.2461502 0.2461502 0.2461502 0.2461502 0.2461502 0.4432428 0.4398544 0.4449405 0.4449405 0.4418057 0.4418057 0.4418057 
PanPan_chrY_LOC129395739_26181667_Q12.9B_C3_t                             0.0326085 0.0297606 0.0288300 0.0316322 0.0393055 0.0325280 0.0335967 0.0320313 0.0269862 0.0374447 0.0232452 0.0232746 0.0251089 0.0260647 0.0241835 0.0232643 0.0069615 0.0105209 0.0114183 0.0114183 0.0114183 0.0105241 0.0114183 0.0114183 0.0114183 0.0114183 0.0087336 0.0096296 0.0114038 0.0141117 0.0069615 0.0000010 0.0000000 0.0008631 0.0008631 0.0008631 0.0043366 0.0052158 0.0017275 0.0069723 0.0052095 0.0150243 0.0150243 0.0150243 0.0141092 0.0113906 0.0415941 0.0260342 0.0251250 0.0270092 0.0765882 0.0765882 0.0765882 0.0765882 0.0478017 0.0957533 0.0957533 0.0957533 0.0970512 0.0957533 0.0182331 0.0522949 0.2387180 0.2387180 0.2539864 0.2554887 0.2554887 0.2554887 0.2554887 0.2554887 0.2461502 0.2461502 0.2461502 0.2461502 0.2461502 0.2461502 0.4432428 0.4398544 0.4449405 0.4449405 0.4418057 0.4418057 0.4418057 
PanPan_chrY_LOC129395720_18242344_Q20.4A_C3_t                             0.0335493 0.0306945 0.0297620 0.0325701 0.0402618 0.0334668 0.0326645 0.0330705 0.0279148 0.0365044 0.0241647 0.0241952 0.0260330 0.0269917 0.0251056 0.0241845 0.0078398 0.0114095 0.0123094 0.0123094 0.0123094 0.0114130 0.0123094 0.0123094 0.0123094 0.0123094 0.0096169 0.0105160 0.0122939 0.0150094 0.0078398 0.0008631 0.0008631 0.0000000 0.0000010 0.0000010 0.0052093 0.0060915 0.0025952 0.0078519 0.0060841 0.0159246 0.0159246 0.0159246 0.0150067 0.0122795 0.0405462 0.0260342 0.0260495 0.0279387 0.0776288 0.0776288 0.0776288 0.0776288 0.0478017 0.0969433 0.0969433 0.0969433 0.0982451 0.0969433 0.0199301 0.0522949 0.2387180 0.2387180 0.2539864 0.2554887 0.2554887 0.2554887 0.2554887 0.2554887 0.2461502 0.2461502 0.2461502 0.2461502 0.2461502 0.2461502 0.4415475 0.4381636 0.4432428 0.4432428 0.4401115 0.4401115 0.4401115 
PanPan_chrY_LOC129395726_17016306_Q20.6B_C3_-                             0.0335493 0.0306945 0.0297620 0.0325701 0.0402618 0.0334668 0.0326645 0.0330705 0.0279148 0.0365044 0.0241647 0.0241952 0.0260330 0.0269917 0.0251056 0.0241845 0.0078398 0.0114095 0.0123094 0.0123094 0.0123094 0.0114130 0.0123094 0.0123094 0.0123094 0.0123094 0.0096169 0.0105160 0.0122939 0.0150094 0.0078398 0.0008631 0.0008631 0.0000010 0.0000000 0.0000010 0.0052093 0.0060915 0.0025952 0.0078519 0.0060841 0.0159246 0.0159246 0.0159246 0.0150067 0.0122795 0.0405462 0.0260342 0.0260495 0.0279387 0.0776288 0.0776288 0.0776288 0.0776288 0.0478017 0.0969433 0.0969433 0.0969433 0.0982451 0.0969433 0.0199301 0.0522949 0.2387180 0.2387180 0.2539864 0.2554887 0.2554887 0.2554887 0.2554887 0.2554887 0.2461502 0.2461502 0.2461502 0.2461502 0.2461502 0.2461502 0.4415475 0.4381636 0.4432428 0.4432428 0.4401115 0.4401115 0.4401115 
PanPan_chrY_LOC129395729_16993365_Q20.11B_C3_-                            0.0335493 0.0306945 0.0297620 0.0325701 0.0402618 0.0334668 0.0326645 0.0330705 0.0279148 0.0365044 0.0241647 0.0241952 0.0260330 0.0269917 0.0251056 0.0241845 0.0078398 0.0114095 0.0123094 0.0123094 0.0123094 0.0114130 0.0123094 0.0123094 0.0123094 0.0123094 0.0096169 0.0105160 0.0122939 0.0150094 0.0078398 0.0008631 0.0008631 0.0000010 0.0000010 0.0000000 0.0052093 0.0060915 0.0025952 0.0078519 0.0060841 0.0159246 0.0159246 0.0159246 0.0150067 0.0122795 0.0405462 0.0260342 0.0260495 0.0279387 0.0776288 0.0776288 0.0776288 0.0776288 0.0478017 0.0969433 0.0969433 0.0969433 0.0982451 0.0969433 0.0199301 0.0522949 0.2387180 0.2387180 0.2539864 0.2554887 0.2554887 0.2554887 0.2554887 0.2554887 0.2461502 0.2461502 0.2461502 0.2461502 0.2461502 0.2461502 0.4415475 0.4381636 0.4432428 0.4432428 0.4401115 0.4401115 0.4401115 
PanPan_chrY_LOC129395722_17798006_Q20.6A_C3_-                             0.0316442 0.0288054 0.0278773 0.0306717 0.0383208 0.0315659 0.0326283 0.0309668 0.0260383 0.0364641 0.0223095 0.0223377 0.0241671 0.0251191 0.0232444 0.0223278 0.0060799 0.0096261 0.0105203 0.0105203 0.0105203 0.0096290 0.0105203 0.0105203 0.0105203 0.0105203 0.0078455 0.0087378 0.0105069 0.0132050 0.0060799 0.0043366 0.0043366 0.0052093 0.0052093 0.0052093 0.0000000 0.0025984 0.0025973 0.0060893 0.0008632 0.0141141 0.0141141 0.0141141 0.0132027 0.0104947 0.0404970 0.0260342 0.0241827 0.0260605 0.0754946 0.0754946 0.0754946 0.0754946 0.0478017 0.0944935 0.0944935 0.0944935 0.0957868 0.0944935 0.0182489 0.0522949 0.2387468 0.2387468 0.2523530 0.2538512 0.2538512 0.2538512 0.2538512 0.2538512 0.2460199 0.2460199 0.2460199 0.2460199 0.2460199 0.2460199 0.4447311 0.4413399 0.4464301 0.4464301 0.4432935 0.4432935 0.4432935 
PanPan_chrY_LOC129395734_26933077_Q12.3A_C3_t                             0.0307080 0.0278761 0.0269499 0.0297385 0.0383949 0.0306318 0.0316888 0.0309823 0.0251143 0.0355153 0.0213947 0.0214218 0.0232476 0.0241966 0.0223269 0.0214122 0.0052059 0.0087419 0.0078558 0.0078558 0.0078558 0.0087446 0.0078558 0.0078558 0.0078558 0.0078558 0.0052075 0.0060897 0.0078458 0.0105179 0.0052059 0.0052158 0.0052158 0.0060915 0.0060915 0.0060915 0.0025984 0.0000000 0.0052158 0.0069752 0.0034683 0.0132183 0.0132183 0.0132183 0.0123098 0.0096102 0.0405167 0.0276351 0.0242308 0.0261122 0.0756297 0.0756297 0.0756297 0.0756297 0.0494266 0.0958599 0.0958599 0.0958599 0.0971590 0.0958599 0.0165436 0.0552935 0.2406163 0.2406163 0.2541909 0.2556940 0.2556940 0.2556940 0.2556940 0.2556940 0.2463473 0.2463473 0.2463473 0.2463473 0.2463473 0.2463473 0.4435105 0.4401200 0.4452093 0.4452093 0.4420726 0.4420726 0.4420726 
PanPan_chrY_LOC129395723_17504218_Q20.4B_C3_t                             0.0326085 0.0297606 0.0288300 0.0316322 0.0393055 0.0325280 0.0335967 0.0320313 0.0269862 0.0374447 0.0232452 0.0232746 0.0251089 0.0260647 0.0241835 0.0232643 0.0069615 0.0105209 0.0114183 0.0114183 0.0114183 0.0105241 0.0114183 0.0114183 0.0114183 0.0114183 0.0087336 0.0096296 0.0114038 0.0141117 0.0069615 0.0017275 0.0017275 0.0025952 0.0025952 0.0025952 0.0025973 0.0052158 0.0000000 0.0069723 0.0034669 0.0150243 0.0150243 0.0150243 0.0141092 0.0113906 0.0415941 0.0260342 0.0251250 0.0270092 0.0765882 0.0765882 0.0765882 0.0765882 0.0478017 0.0957533 0.0957533 0.0957533 0.0970512 0.0957533 0.0182331 0.0522949 0.2387180 0.2387180 0.2539864 0.2554887 0.2554887 0.2554887 0.2554887 0.2554887 0.2476120 0.2476120 0.2476120 0.2476120 0.2476120 0.2476120 0.4432428 0.4398544 0.4449405 0.4449405 0.4418057 0.4418057 0.4418057 
PanPan_chrY_LOC129395725_17460315_Q20.9A_C3_t                             0.0289161 0.0260908 0.0251661 0.0279500 0.0355630 0.0288438 0.0298928 0.0279531 0.0233326 0.0337101 0.0196219 0.0196469 0.0214703 0.0224158 0.0205513 0.0196380 0.0034726 0.0069975 0.0078865 0.0078865 0.0078865 0.0069996 0.0078865 0.0078865 0.0078865 0.0078865 0.0052278 0.0061136 0.0078764 0.0105589 0.0034726 0.0069723 0.0069723 0.0078519 0.0078519 0.0078519 0.0060893 0.0069752 0.0069723 0.0000000 0.0069668 0.0114623 0.0114623 0.0114623 0.0105571 0.0096326 0.0364102 0.0260342 0.0214846 0.0233524 0.0725711 0.0725711 0.0725711 0.0725711 0.0478017 0.0923686 0.0923686 0.0923686 0.0936573 0.0923686 0.0149469 0.0522949 0.2357711 0.2357711 0.2498904 0.2513844 0.2513844 0.2513844 0.2513844 0.2513844 0.2421581 0.2421581 0.2421581 0.2421581 0.2421581 0.2421581 0.4365685 0.4331981 0.4382571 0.4382571 0.4351359 0.4351359 0.4351359 
PanPan_chrY_LOC129395724_17483270_Q20.9A_C3_t                             0.0325833 0.0297375 0.0288076 0.0316078 0.0392753 0.0325029 0.0335707 0.0320039 0.0269652 0.0374159 0.0232271 0.0232565 0.0250894 0.0260444 0.0241647 0.0232462 0.0069560 0.0105126 0.0114093 0.0114093 0.0114093 0.0105158 0.0114093 0.0114093 0.0114093 0.0114093 0.0087267 0.0096220 0.0113949 0.0141007 0.0069560 0.0052095 0.0052095 0.0060841 0.0060841 0.0060841 0.0008632 0.0034683 0.0034669 0.0069668 0.0000000 0.0150125 0.0150125 0.0150125 0.0140982 0.0113816 0.0415589 0.0260342 0.0251055 0.0269882 0.0765320 0.0765320 0.0765320 0.0765320 0.0478017 0.0956781 0.0956781 0.0956781 0.0969751 0.0956781 0.0199487 0.0522949 0.2405187 0.2405187 0.2538250 0.2553265 0.2553265 0.2553265 0.2553265 0.2553265 0.2474565 0.2474565 0.2474565 0.2474565 0.2474565 0.2474565 0.4465602 0.4431632 0.4482621 0.4482621 0.4451210 0.4451210 0.4451210 
PanTro_chrY_LOC736145_15412683_Q10.3B_C3_t                                0.0297641 0.0269400 0.0260160 0.0287979 0.0374295 0.0296901 0.0307413 0.0299375 0.0241842 0.0345572 0.0204750 0.0205010 0.0223227 0.0232684 0.0214043 0.0204918 0.0096517 0.0096350 0.0105300 0.0105300 0.0105300 0.0096379 0.0105300 0.0105300 0.0105300 0.0105300 0.0114481 0.0123577 0.0105436 0.0132172 0.0096517 0.0150243 0.0150243 0.0159246 0.0159246 0.0159246 0.0141141 0.0132183 0.0150243 0.0114623 0.0150125 0.0000000 0.0000010 0.0017284 0.0096378 0.0159302 0.0373353 0.0291103 0.0159167 0.0195597 0.0745696 0.0745696 0.0745696 0.0745696 0.0507509 0.0932948 0.0932948 0.0932948 0.0945840 0.0932948 0.0081949 0.0611446 0.2275520 0.2275520 0.2465093 0.2479945 0.2479945 0.2479945 0.2479945 0.2479945 0.2388720 0.2388720 0.2388720 0.2388720 0.2388720 0.2388720 0.4391920 0.4358183 0.4408823 0.4408823 0.4377592 0.4377592 0.4377592 
PanTro_chrY_LOC736860_16443912_Q10.3A_C3_-                                0.0297641 0.0269400 0.0260160 0.0287979 0.0374295 0.0296901 0.0307413 0.0299375 0.0241842 0.0345572 0.0204750 0.0205010 0.0223227 0.0232684 0.0214043 0.0204918 0.0096517 0.0096350 0.0105300 0.0105300 0.0105300 0.0096379 0.0105300 0.0105300 0.0105300 0.0105300 0.0114481 0.0123577 0.0105436 0.0132172 0.0096517 0.0150243 0.0150243 0.0159246 0.0159246 0.0159246 0.0141141 0.0132183 0.0150243 0.0114623 0.0150125 0.0000010 0.0000000 0.0017284 0.0096378 0.0159302 0.0373353 0.0291103 0.0159167 0.0195597 0.0745696 0.0745696 0.0745696 0.0745696 0.0507509 0.0932948 0.0932948 0.0932948 0.0945840 0.0932948 0.0081949 0.0611446 0.2275520 0.2275520 0.2465093 0.2479945 0.2479945 0.2479945 0.2479945 0.2479945 0.2388720 0.2388720 0.2388720 0.2388720 0.2388720 0.2388720 0.4391920 0.4358183 0.4408823 0.4408823 0.4377592 0.4377592 0.4377592 
PanTro_chrY_LOC112208098_16149486_Q10.3A_C3_t                             0.0297641 0.0269400 0.0260160 0.0287979 0.0374295 0.0296901 0.0307413 0.0299375 0.0241842 0.0345572 0.0204750 0.0205010 0.0223227 0.0232684 0.0214043 0.0204918 0.0096517 0.0096350 0.0105300 0.0105300 0.0105300 0.0096379 0.0105300 0.0105300 0.0105300 0.0105300 0.0114481 0.0123577 0.0123265 0.0132172 0.0096517 0.0150243 0.0150243 0.0159246 0.0159246 0.0159246 0.0141141 0.0132183 0.0150243 0.0114623 0.0150125 0.0017284 0.0017284 0.0000000 0.0096378 0.0159302 0.0394438 0.0291103 0.0177222 0.0177445 0.0745696 0.0745696 0.0745696 0.0745696 0.0507509 0.0932948 0.0932948 0.0932948 0.0945840 0.0932948 0.0115177 0.0611446 0.2258147 0.2258147 0.2436240 0.2451030 0.2451030 0.2451030 0.2451030 0.2451030 0.2360613 0.2360613 0.2360613 0.2360613 0.2360613 0.2360613 0.4373773 0.4340094 0.4390647 0.4390647 0.4359462 0.4359462 0.4359462 
