76
GorGor_chrY_LOC129530238_19671638_nonP-closest-Q10B-at-60465_nonC_-       0.0000000 0.0025980 0.0034672 0.0043381 0.0141054 0.0158945 0.0269270 0.0226608 0.0140906 0.0223169 0.0241626 0.0241956 0.0260307 0.0269888 0.0250992 0.0241817 0.0269071 0.0268626 0.0278089 0.0278089 0.0278089 0.0268729 0.0278089 0.0278089 0.0278089 0.0278089 0.0288017 0.0297766 0.0296981 0.0306220 0.0269071 0.0325214 0.0325214 0.0334647 0.0334647 0.0334647 0.0315712 0.0306336 0.0325214 0.0288379 0.0325046 0.0296761 0.0296761 0.0296761 0.0306200 0.0334480 0.0403390 0.0305038 0.0412220 0.0432026 0.0725435 0.0725435 0.0725435 0.0725435 0.0659998 0.0945564 0.0945564 0.0945564 0.0958893 0.0945564 0.0377104 0.0637109 0.2330920 0.2330920 0.2570789 0.2587133 0.2587133 0.2587133 0.2587133 0.2587133 0.2485059 0.2485059 0.2485059 0.2485059 0.2485059 0.2485059 
GorGor_chrY_LOC129530239_19625715_nonP-closest-Q10B-at-14542_nonC_-       0.0025980 0.0000000 0.0008632 0.0034621 0.0114118 0.0149746 0.0241296 0.0216525 0.0113999 0.0213710 0.0213852 0.0214143 0.0232369 0.0241846 0.0223132 0.0214020 0.0241118 0.0240721 0.0250092 0.0250092 0.0250092 0.0240813 0.0250092 0.0250092 0.0250092 0.0250092 0.0259884 0.0269520 0.0268814 0.0277990 0.0241118 0.0296818 0.0296818 0.0306168 0.0306168 0.0306168 0.0287399 0.0278095 0.0296818 0.0260210 0.0296666 0.0268617 0.0268617 0.0268617 0.0277973 0.0306016 0.0392881 0.0289310 0.0383044 0.0402664 0.0693633 0.0693633 0.0693633 0.0693633 0.0612723 0.0908685 0.0908685 0.0908685 0.0921847 0.0908685 0.0340639 0.0607605 0.2312667 0.2312667 0.2519078 0.2535264 0.2535264 0.2535264 0.2535264 0.2535264 0.2434991 0.2434991 0.2434991 0.2434991 0.2434991 0.2434991 
GorGor_chrY_LOC129530241_19694606_nonP-closest-Q10B-at-83433_nonC_-       0.0034672 0.0008632 0.0000000 0.0025944 0.0105249 0.0140816 0.0232157 0.0206485 0.0105140 0.0204628 0.0204764 0.0205042 0.0223237 0.0232686 0.0214020 0.0204925 0.0231986 0.0231604 0.0240952 0.0240952 0.0240952 0.0231693 0.0240952 0.0240952 0.0240952 0.0240952 0.0250705 0.0260309 0.0259628 0.0268789 0.0231986 0.0287573 0.0287573 0.0296904 0.0296904 0.0296904 0.0278175 0.0268891 0.0287573 0.0251018 0.0287426 0.0259438 0.0259438 0.0259438 0.0268773 0.0296757 0.0382434 0.0273675 0.0373594 0.0393164 0.0683513 0.0683513 0.0683513 0.0683513 0.0597654 0.0897090 0.0897090 0.0897090 0.0910208 0.0897090 0.0323078 0.0607605 0.2294815 0.2294815 0.2503947 0.2520097 0.2520097 0.2520097 0.2520097 0.2520097 0.2420294 0.2420294 0.2420294 0.2420294 0.2420294 0.2420294 
GorGor_chrY_LOC129530240_19648670_nonP-closest-Q10B-at-37497_nonC_-       0.0043381 0.0034621 0.0025944 0.0000000 0.0131925 0.0149760 0.0259668 0.0226608 0.0131787 0.0213730 0.0232119 0.0232435 0.0250726 0.0260263 0.0241447 0.0232302 0.0259477 0.0259048 0.0268472 0.0268472 0.0268472 0.0259148 0.0268472 0.0268472 0.0268472 0.0268472 0.0278344 0.0288044 0.0287288 0.0296496 0.0259477 0.0315416 0.0315416 0.0324805 0.0324805 0.0324805 0.0305951 0.0296608 0.0315416 0.0278693 0.0315253 0.0287076 0.0287076 0.0287076 0.0296477 0.0324642 0.0403390 0.0305038 0.0402071 0.0421794 0.0714069 0.0714069 0.0714069 0.0714069 0.0612815 0.0932151 0.0932151 0.0932151 0.0945405 0.0932151 0.0358320 0.0637109 0.2331278 0.2331278 0.2534888 0.2551116 0.2551116 0.2551116 0.2551116 0.2551116 0.2450331 0.2450331 0.2450331 0.2450331 0.2450331 0.2450331 
GorGor_chrY_LOC129530242_19717578_nonP-closest-Q10B-at-106405_nonC_-      0.0141054 0.0114118 0.0105249 0.0131925 0.0000000 0.0250696 0.0345266 0.0216502 0.0213904 0.0316844 0.0317059 0.0317500 0.0336201 0.0346075 0.0326669 0.0317316 0.0345010 0.0344442 0.0354163 0.0354163 0.0354163 0.0344575 0.0354163 0.0354163 0.0354163 0.0354163 0.0364473 0.0374537 0.0373538 0.0382954 0.0345010 0.0392105 0.0392105 0.0401696 0.0401696 0.0401696 0.0382412 0.0383099 0.0392105 0.0354759 0.0391900 0.0373254 0.0373254 0.0373254 0.0382925 0.0411839 0.0392839 0.0273675 0.0353783 0.0373197 0.0768276 0.0768276 0.0768276 0.0768276 0.0662298 0.0994444 0.0994444 0.0994444 0.1007988 0.0994444 0.0544958 0.0607605 0.2312529 0.2312529 0.2570939 0.2587289 0.2587289 0.2587289 0.2587289 0.2587289 0.2485179 0.2485179 0.2485179 0.2485179 0.2485179 0.2485179 
GorGor_chrY_LOC129530249_25725362_nonP-closest-Q13A-at-289492_nonC_-      0.0158945 0.0149746 0.0140816 0.0149760 0.0250696 0.0000000 0.0249561 0.0195618 0.0176859 0.0221999 0.0241051 0.0241380 0.0259686 0.0269243 0.0250394 0.0241242 0.0268430 0.0267987 0.0277426 0.0277426 0.0277426 0.0268090 0.0277426 0.0277426 0.0277426 0.0277426 0.0287329 0.0297053 0.0296272 0.0305488 0.0268430 0.0324445 0.0324445 0.0333846 0.0333846 0.0333846 0.0314957 0.0305603 0.0324445 0.0287690 0.0324279 0.0296053 0.0296053 0.0296053 0.0305468 0.0333679 0.0370862 0.0241015 0.0411222 0.0430978 0.0713300 0.0713300 0.0713300 0.0713300 0.0582031 0.0884330 0.0884330 0.0884330 0.0897383 0.0884330 0.0374970 0.0576501 0.2279670 0.2279670 0.2507360 0.2523532 0.2523532 0.2523532 0.2523532 0.2523532 0.2438558 0.2438558 0.2438558 0.2438558 0.2438558 0.2438558 
GorGor_chrY_LOC129530256_15477440_nonP-closest-Q2A-at-428101_nonC_t       0.0269270 0.0241296 0.0232157 0.0259668 0.0345266 0.0249561 0.0000000 0.0236461 0.0250761 0.0278626 0.0270208 0.0270580 0.0289098 0.0298807 0.0279684 0.0270424 0.0278939 0.0278476 0.0287989 0.0287989 0.0287989 0.0278584 0.0287989 0.0287989 0.0287989 0.0287989 0.0297983 0.0307788 0.0306975 0.0316252 0.0278939 0.0335339 0.0335339 0.0326022 0.0326022 0.0326022 0.0325791 0.0316372 0.0335339 0.0298359 0.0335166 0.0306746 0.0306746 0.0306746 0.0316231 0.0344642 0.0341076 0.0289320 0.0422779 0.0442689 0.0770150 0.0770150 0.0770150 0.0770150 0.0598964 0.0925812 0.0925812 0.0925812 0.0939115 0.0925812 0.0357623 0.0674542 0.2343987 0.2343987 0.2599718 0.2616203 0.2616203 0.2616203 0.2616203 0.2616203 0.2512790 0.2512790 0.2512790 0.2512790 0.2512790 0.2512790 
GorGor_chrY_LOC129530261_16137383_nonP-closest-Q2A-at-9455_nonC_-         0.0226608 0.0216525 0.0206485 0.0226608 0.0216502 0.0195618 0.0236461 0.0000000 0.0226894 0.0257117 0.0278589 0.0279013 0.0299492 0.0310251 0.0289075 0.0278836 0.0267802 0.0267312 0.0267512 0.0267512 0.0267512 0.0257191 0.0267512 0.0267512 0.0267512 0.0267512 0.0278443 0.0289190 0.0288350 0.0298552 0.0267802 0.0319420 0.0319420 0.0329828 0.0329828 0.0329828 0.0308931 0.0309031 0.0319420 0.0278739 0.0319239 0.0298433 0.0298433 0.0298433 0.0298086 0.0340185 0.0371128 0.0251264 0.0267729 0.0288639 0.0749638 0.0749638 0.0749638 0.0749638 0.0471895 0.0970447 0.0970447 0.0970447 0.0985391 0.0970447 0.0375693 0.0669235 0.2415764 0.2415764 0.2582754 0.2600975 0.2600975 0.2600975 0.2600975 0.2600975 0.2504082 0.2504082 0.2504082 0.2504082 0.2504082 0.2504082 
GorGor_chrY_LOC129530243_19602754_Q10B_nonC_-                             0.0140906 0.0113999 0.0105140 0.0131787 0.0213904 0.0176859 0.0250761 0.0226894 0.0000000 0.0205102 0.0204997 0.0205276 0.0223493 0.0232953 0.0214265 0.0205159 0.0213994 0.0195464 0.0204721 0.0204721 0.0204721 0.0195539 0.0204721 0.0204721 0.0204721 0.0204721 0.0232637 0.0242190 0.0223233 0.0232342 0.0213994 0.0269415 0.0269415 0.0278719 0.0278719 0.0278719 0.0260050 0.0250792 0.0269415 0.0232928 0.0269277 0.0241381 0.0241381 0.0241381 0.0250683 0.0278582 0.0383443 0.0164952 0.0355113 0.0374618 0.0725133 0.0725133 0.0725133 0.0725133 0.0583690 0.0921673 0.0921673 0.0921673 0.0934903 0.0921673 0.0340763 0.0609381 0.2317030 0.2317030 0.2523033 0.2539249 0.2539249 0.2539249 0.2539249 0.2539249 0.2438732 0.2438732 0.2438732 0.2438732 0.2438732 0.2438732 
GorGor_chrY_LOC129530266_16415999_Q2B_nonC_t                              0.0223169 0.0213710 0.0204628 0.0213730 0.0316844 0.0221999 0.0278626 0.0257117 0.0205102 0.0000000 0.0288662 0.0289061 0.0307638 0.0317405 0.0298184 0.0288894 0.0316434 0.0315905 0.0306454 0.0306454 0.0306454 0.0297008 0.0306454 0.0306454 0.0306454 0.0306454 0.0316527 0.0326394 0.0325530 0.0334836 0.0316434 0.0373394 0.0373394 0.0364000 0.0364000 0.0364000 0.0363741 0.0354231 0.0373394 0.0336129 0.0373199 0.0344483 0.0344483 0.0344483 0.0344388 0.0382756 0.0435302 0.0164403 0.0461797 0.0481941 0.0820366 0.0820366 0.0820366 0.0820366 0.0677458 0.0994811 0.0994811 0.0994811 0.1008361 0.0994811 0.0340040 0.0733614 0.2462859 0.2462859 0.2631631 0.2648211 0.2648211 0.2648211 0.2648211 0.2648211 0.2540949 0.2540949 0.2540949 0.2540949 0.2540949 0.2540949 
HomSap_chrY_RBMY1A1_22410130_Q7.3A_nonC_t                                 0.0241626 0.0213852 0.0204764 0.0232119 0.0317059 0.0241051 0.0270208 0.0278589 0.0204997 0.0288662 0.0000000 0.0017340 0.0017336 0.0026061 0.0043492 0.0034764 0.0177171 0.0176882 0.0186063 0.0186063 0.0186063 0.0176950 0.0186063 0.0186063 0.0186063 0.0186063 0.0195564 0.0204963 0.0204431 0.0213483 0.0177171 0.0231967 0.0231967 0.0241167 0.0241167 0.0241167 0.0222719 0.0213564 0.0231967 0.0195807 0.0231850 0.0204284 0.0204284 0.0204284 0.0213472 0.0241051 0.0394202 0.0257837 0.0316581 0.0335813 0.0694002 0.0694002 0.0694002 0.0694002 0.0550998 0.0911286 0.0911286 0.0911286 0.0924496 0.0911286 0.0287405 0.0578041 0.2302127 0.2302127 0.2511386 0.2527595 0.2527595 0.2542815 0.2542815 0.2542815 0.2427315 0.2427315 0.2427315 0.2427315 0.2427315 0.2427315 
HomSap_chrY_RBMY1B_22386600_Q7.1A_nonC_t                                  0.0241956 0.0214143 0.0205042 0.0232435 0.0317500 0.0241380 0.0270580 0.0279013 0.0205276 0.0289061 0.0017340 0.0000000 0.0017312 0.0026024 0.0043549 0.0034810 0.0177410 0.0177120 0.0186314 0.0186314 0.0186314 0.0177188 0.0186314 0.0186314 0.0186314 0.0186314 0.0195830 0.0205241 0.0204708 0.0213773 0.0177410 0.0232283 0.0232283 0.0241496 0.0241496 0.0241496 0.0223022 0.0213854 0.0232283 0.0196073 0.0232166 0.0204561 0.0204561 0.0204561 0.0213762 0.0241379 0.0394815 0.0274047 0.0317020 0.0336281 0.0695028 0.0695028 0.0695028 0.0695028 0.0567140 0.0924496 0.0924496 0.0924496 0.0937778 0.0924496 0.0270058 0.0609791 0.2325668 0.2325668 0.2516474 0.2532723 0.2532723 0.2547980 0.2547980 0.2547980 0.2432112 0.2432112 0.2432112 0.2432112 0.2432112 0.2432112 
HomSap_chrY_RBMY1D_22703948_Q7.3B_nonC_-                                  0.0260307 0.0232369 0.0223237 0.0250726 0.0336201 0.0259686 0.0289098 0.0299492 0.0223493 0.0307638 0.0017336 0.0017312 0.0000000 0.0008657 0.0061067 0.0052299 0.0195470 0.0195150 0.0204392 0.0204392 0.0204392 0.0195225 0.0204392 0.0204392 0.0204392 0.0204392 0.0213983 0.0223455 0.0222873 0.0231967 0.0195470 0.0250562 0.0250562 0.0259811 0.0259811 0.0259811 0.0241259 0.0232055 0.0250562 0.0214249 0.0250435 0.0222712 0.0222712 0.0222712 0.0231954 0.0259685 0.0415834 0.0274047 0.0335693 0.0355059 0.0715303 0.0715303 0.0715303 0.0715303 0.0567140 0.0936110 0.0936110 0.0936110 0.0949437 0.0936110 0.0304752 0.0609791 0.2343550 0.2343550 0.2546838 0.2563163 0.2563163 0.2578482 0.2578482 0.2578482 0.2461598 0.2461598 0.2461598 0.2461598 0.2461598 0.2461598 
HomSap_chrY_RBMY1E_22737692_Q7.3B_nonC_-                                  0.0269888 0.0241846 0.0232686 0.0260263 0.0346075 0.0269243 0.0298807 0.0310251 0.0232953 0.0317405 0.0026061 0.0026024 0.0008657 0.0000000 0.0069944 0.0061148 0.0204810 0.0204474 0.0213753 0.0213753 0.0213753 0.0204552 0.0213753 0.0213753 0.0213753 0.0213753 0.0223396 0.0232914 0.0232306 0.0241428 0.0204810 0.0260093 0.0260093 0.0269374 0.0269374 0.0269374 0.0250754 0.0241519 0.0260093 0.0223675 0.0259960 0.0232137 0.0232137 0.0232137 0.0241414 0.0269242 0.0427062 0.0274047 0.0345550 0.0364995 0.0726577 0.0726577 0.0726577 0.0726577 0.0567140 0.0949437 0.0949437 0.0949437 0.0962836 0.0949437 0.0323047 0.0609791 0.2367365 0.2367365 0.2567340 0.2583744 0.2583744 0.2599131 0.2599131 0.2599131 0.2481361 0.2481361 0.2481361 0.2481361 0.2481361 0.2481361 
HomSap_chrY_RBMY1F_23239128_Q7.7B_nonC_t                                  0.0250992 0.0223132 0.0214020 0.0241447 0.0326669 0.0250394 0.0279684 0.0289075 0.0214265 0.0298184 0.0043492 0.0043549 0.0061067 0.0069944 0.0000000 0.0008652 0.0186336 0.0186031 0.0195244 0.0195244 0.0195244 0.0186103 0.0195244 0.0195244 0.0195244 0.0195244 0.0204792 0.0214229 0.0213672 0.0222746 0.0186336 0.0241289 0.0241289 0.0250515 0.0250515 0.0250515 0.0232011 0.0222831 0.0241289 0.0205046 0.0241167 0.0213518 0.0213518 0.0213518 0.0222734 0.0250394 0.0394560 0.0273780 0.0326175 0.0345473 0.0704763 0.0704763 0.0704763 0.0704763 0.0566629 0.0935561 0.0935561 0.0935561 0.0948878 0.0935561 0.0287405 0.0608721 0.2323537 0.2323537 0.2514557 0.2530792 0.2530792 0.2546036 0.2546036 0.2546036 0.2430300 0.2430300 0.2430300 0.2430300 0.2430300 0.2430300 
HomSap_chrY_RBMY1J_22997071_Q7.7A_nonC_-                                  0.0241817 0.0214020 0.0204925 0.0232302 0.0317316 0.0241242 0.0270424 0.0278836 0.0205159 0.0288894 0.0034764 0.0034810 0.0052299 0.0061148 0.0008652 0.0000000 0.0177309 0.0177020 0.0186208 0.0186208 0.0186208 0.0177087 0.0186208 0.0186208 0.0186208 0.0186208 0.0195718 0.0205124 0.0204592 0.0213651 0.0177309 0.0232150 0.0232150 0.0241358 0.0241358 0.0241358 0.0222894 0.0213732 0.0232150 0.0195961 0.0232033 0.0204444 0.0204444 0.0204444 0.0213640 0.0241241 0.0394560 0.0273780 0.0316836 0.0336086 0.0694609 0.0694609 0.0694609 0.0694609 0.0566629 0.0923869 0.0923869 0.0923869 0.0937141 0.0923869 0.0270058 0.0608721 0.2323537 0.2323537 0.2514557 0.2530792 0.2530792 0.2546036 0.2546036 0.2546036 0.2430300 0.2430300 0.2430300 0.2430300 0.2430300 0.2430300 
PanPan_chrY_LOC129395525_32259993_Q7A_C3_-                                0.0269071 0.0241118 0.0231986 0.0259477 0.0345010 0.0268430 0.0278939 0.0267802 0.0213994 0.0316434 0.0177171 0.0177410 0.0195470 0.0204810 0.0186336 0.0177309 0.0000000 0.0034725 0.0060992 0.0060992 0.0060992 0.0052205 0.0060992 0.0060992 0.0060992 0.0060992 0.0034648 0.0043415 0.0060901 0.0087469 0.0000010 0.0069543 0.0069543 0.0078324 0.0078324 0.0078324 0.0060764 0.0052024 0.0069543 0.0034690 0.0069510 0.0096370 0.0096370 0.0096370 0.0087466 0.0078289 0.0361977 0.0258866 0.0205153 0.0223745 0.0714520 0.0714520 0.0714520 0.0714520 0.0477580 0.0899801 0.0899801 0.0899801 0.0912968 0.0899801 0.0115431 0.0518346 0.2399971 0.2399971 0.2576154 0.2592544 0.2592544 0.2592544 0.2592544 0.2592544 0.2490106 0.2490106 0.2490106 0.2490106 0.2490106 0.2490106 
PanPan_chrY_LOC129395732_27226925_Q12.1A_C3_-                             0.0268626 0.0240721 0.0231604 0.0259048 0.0344442 0.0267987 0.0278476 0.0267312 0.0195464 0.0315905 0.0176882 0.0177120 0.0195150 0.0204474 0.0186031 0.0177020 0.0034725 0.0000000 0.0043414 0.0043414 0.0043414 0.0034683 0.0043414 0.0043414 0.0043414 0.0043414 0.0069818 0.0078737 0.0060970 0.0069731 0.0034725 0.0105104 0.0105104 0.0113992 0.0113992 0.0113992 0.0096207 0.0087362 0.0105104 0.0069903 0.0105053 0.0096214 0.0096214 0.0096214 0.0087326 0.0113940 0.0340496 0.0258140 0.0204816 0.0223376 0.0713255 0.0713255 0.0713255 0.0713255 0.0476339 0.0898004 0.0898004 0.0898004 0.0911139 0.0898004 0.0132073 0.0518346 0.2393105 0.2393105 0.2570009 0.2586350 0.2586350 0.2586350 0.2586350 0.2586350 0.2484307 0.2484307 0.2484307 0.2484307 0.2484307 0.2484307 
PanPan_chrY_LOC129395562_31972820_Q7B_C3_t                                0.0278089 0.0250092 0.0240952 0.0268472 0.0354163 0.0277426 0.0287989 0.0267512 0.0204721 0.0306454 0.0186063 0.0186314 0.0204392 0.0213753 0.0195244 0.0186208 0.0060992 0.0043414 0.0000000 0.0000010 0.0000010 0.0008643 0.0000010 0.0000010 0.0000010 0.0000010 0.0026019 0.0034777 0.0017312 0.0025987 0.0060992 0.0114067 0.0114067 0.0122981 0.0122981 0.0122981 0.0105141 0.0078528 0.0114067 0.0078782 0.0114011 0.0105150 0.0105150 0.0105150 0.0096230 0.0122925 0.0340754 0.0258045 0.0214112 0.0232738 0.0724169 0.0724169 0.0724169 0.0724169 0.0476884 0.0922239 0.0922239 0.0922239 0.0935481 0.0922239 0.0132167 0.0548054 0.2413931 0.2413931 0.2607258 0.2623724 0.2623724 0.2623724 0.2623724 0.2623724 0.2520310 0.2520310 0.2520310 0.2520310 0.2520310 0.2520310 
PanPan_chrY_LOC129395756_23133260_Q15.6A_C3_-                             0.0278089 0.0250092 0.0240952 0.0268472 0.0354163 0.0277426 0.0287989 0.0267512 0.0204721 0.0306454 0.0186063 0.0186314 0.0204392 0.0213753 0.0195244 0.0186208 0.0060992 0.0043414 0.0000010 0.0000000 0.0000010 0.0008643 0.0000010 0.0000010 0.0000010 0.0000010 0.0026019 0.0034777 0.0017312 0.0025987 0.0060992 0.0114067 0.0114067 0.0122981 0.0122981 0.0122981 0.0105141 0.0078528 0.0114067 0.0078782 0.0114011 0.0105150 0.0105150 0.0105150 0.0096230 0.0122925 0.0340754 0.0258045 0.0214112 0.0232738 0.0724169 0.0724169 0.0724169 0.0724169 0.0476884 0.0922239 0.0922239 0.0922239 0.0935481 0.0922239 0.0132167 0.0548054 0.2413931 0.2413931 0.2607258 0.2623724 0.2623724 0.2623724 0.2623724 0.2623724 0.2520310 0.2520310 0.2520310 0.2520310 0.2520310 0.2520310 
PanPan_chrY_LOC129395770_20825312_Q18.5A_C3_-                             0.0278089 0.0250092 0.0240952 0.0268472 0.0354163 0.0277426 0.0287989 0.0267512 0.0204721 0.0306454 0.0186063 0.0186314 0.0204392 0.0213753 0.0195244 0.0186208 0.0060992 0.0043414 0.0000010 0.0000010 0.0000000 0.0008643 0.0000010 0.0000010 0.0000010 0.0000010 0.0026019 0.0034777 0.0017312 0.0025987 0.0060992 0.0114067 0.0114067 0.0122981 0.0122981 0.0122981 0.0105141 0.0078528 0.0114067 0.0078782 0.0114011 0.0105150 0.0105150 0.0105150 0.0096230 0.0122925 0.0340754 0.0258045 0.0214112 0.0232738 0.0724169 0.0724169 0.0724169 0.0724169 0.0476884 0.0922239 0.0922239 0.0922239 0.0935481 0.0922239 0.0132167 0.0548054 0.2413931 0.2413931 0.2607258 0.2623724 0.2623724 0.2623724 0.2623724 0.2623724 0.2520310 0.2520310 0.2520310 0.2520310 0.2520310 0.2520310 
PanPan_chrY_LOC129395611_18581135_Q20.1A_C3_-                             0.0268729 0.0240813 0.0231693 0.0259148 0.0344575 0.0268090 0.0278584 0.0257191 0.0195539 0.0297008 0.0176950 0.0177188 0.0195225 0.0204552 0.0186103 0.0177087 0.0052205 0.0034683 0.0008643 0.0008643 0.0008643 0.0000000 0.0008643 0.0008643 0.0008643 0.0008643 0.0034748 0.0043541 0.0026010 0.0034705 0.0052205 0.0105144 0.0105144 0.0114035 0.0114035 0.0114035 0.0096244 0.0087395 0.0105144 0.0069929 0.0105093 0.0096251 0.0096251 0.0096251 0.0087359 0.0113983 0.0330195 0.0242268 0.0204895 0.0223463 0.0713539 0.0713539 0.0713539 0.0713539 0.0461805 0.0909931 0.0909931 0.0909931 0.0923116 0.0909931 0.0132167 0.0518346 0.2393105 0.2393105 0.2589482 0.2605890 0.2605890 0.2605890 0.2605890 0.2605890 0.2503120 0.2503120 0.2503120 0.2503120 0.2503120 0.2503120 
PanPan_chrY_LOC129395613_18557651_Q20.2A_C3_-                             0.0278089 0.0250092 0.0240952 0.0268472 0.0354163 0.0277426 0.0287989 0.0267512 0.0204721 0.0306454 0.0186063 0.0186314 0.0204392 0.0213753 0.0195244 0.0186208 0.0060992 0.0043414 0.0000010 0.0000010 0.0000010 0.0008643 0.0000000 0.0000010 0.0000010 0.0000010 0.0026019 0.0034777 0.0017312 0.0025987 0.0060992 0.0114067 0.0114067 0.0122981 0.0122981 0.0122981 0.0105141 0.0078528 0.0114067 0.0078782 0.0114011 0.0105150 0.0105150 0.0105150 0.0096230 0.0122925 0.0340754 0.0258045 0.0214112 0.0232738 0.0724169 0.0724169 0.0724169 0.0724169 0.0476884 0.0922239 0.0922239 0.0922239 0.0935481 0.0922239 0.0132167 0.0548054 0.2413931 0.2413931 0.2607258 0.2623724 0.2623724 0.2623724 0.2623724 0.2623724 0.2520310 0.2520310 0.2520310 0.2520310 0.2520310 0.2520310 
PanPan_chrY_LOC129395618_18534441_Q20.3A_C3_-                             0.0278089 0.0250092 0.0240952 0.0268472 0.0354163 0.0277426 0.0287989 0.0267512 0.0204721 0.0306454 0.0186063 0.0186314 0.0204392 0.0213753 0.0195244 0.0186208 0.0060992 0.0043414 0.0000010 0.0000010 0.0000010 0.0008643 0.0000010 0.0000000 0.0000010 0.0000010 0.0026019 0.0034777 0.0017312 0.0025987 0.0060992 0.0114067 0.0114067 0.0122981 0.0122981 0.0122981 0.0105141 0.0078528 0.0114067 0.0078782 0.0114011 0.0105150 0.0105150 0.0105150 0.0096230 0.0122925 0.0340754 0.0258045 0.0214112 0.0232738 0.0724169 0.0724169 0.0724169 0.0724169 0.0476884 0.0922239 0.0922239 0.0922239 0.0935481 0.0922239 0.0132167 0.0548054 0.2413931 0.2413931 0.2607258 0.2623724 0.2623724 0.2623724 0.2623724 0.2623724 0.2520310 0.2520310 0.2520310 0.2520310 0.2520310 0.2520310 
PanPan_chrY_LOC129395757_22838971_Q15.6B_C3_t                             0.0278089 0.0250092 0.0240952 0.0268472 0.0354163 0.0277426 0.0287989 0.0267512 0.0204721 0.0306454 0.0186063 0.0186314 0.0204392 0.0213753 0.0195244 0.0186208 0.0060992 0.0043414 0.0000010 0.0000010 0.0000010 0.0008643 0.0000010 0.0000010 0.0000000 0.0000010 0.0026019 0.0034777 0.0017312 0.0025987 0.0060992 0.0114067 0.0114067 0.0122981 0.0122981 0.0122981 0.0105141 0.0078528 0.0114067 0.0078782 0.0114011 0.0105150 0.0105150 0.0105150 0.0096230 0.0122925 0.0340754 0.0258045 0.0214112 0.0232738 0.0724169 0.0724169 0.0724169 0.0724169 0.0476884 0.0922239 0.0922239 0.0922239 0.0935481 0.0922239 0.0132167 0.0548054 0.2413931 0.2413931 0.2607258 0.2623724 0.2623724 0.2623724 0.2623724 0.2623724 0.2520310 0.2520310 0.2520310 0.2520310 0.2520310 0.2520310 
PanPan_chrY_LOC129395771_20531077_Q18.5B_C3_t                             0.0278089 0.0250092 0.0240952 0.0268472 0.0354163 0.0277426 0.0287989 0.0267512 0.0204721 0.0306454 0.0186063 0.0186314 0.0204392 0.0213753 0.0195244 0.0186208 0.0060992 0.0043414 0.0000010 0.0000010 0.0000010 0.0008643 0.0000010 0.0000010 0.0000010 0.0000000 0.0026019 0.0034777 0.0017312 0.0025987 0.0060992 0.0114067 0.0114067 0.0122981 0.0122981 0.0122981 0.0105141 0.0078528 0.0114067 0.0078782 0.0114011 0.0105150 0.0105150 0.0105150 0.0096230 0.0122925 0.0340754 0.0258045 0.0214112 0.0232738 0.0724169 0.0724169 0.0724169 0.0724169 0.0476884 0.0922239 0.0922239 0.0922239 0.0935481 0.0922239 0.0132167 0.0548054 0.2413931 0.2413931 0.2607258 0.2623724 0.2623724 0.2623724 0.2623724 0.2623724 0.2520310 0.2520310 0.2520310 0.2520310 0.2520310 0.2520310 
PanPan_chrY_LOC129395776_29776779_Q9.1A_C3_-                              0.0288017 0.0259884 0.0250705 0.0278344 0.0364473 0.0287329 0.0297983 0.0278443 0.0232637 0.0316527 0.0195564 0.0195830 0.0213983 0.0223396 0.0204792 0.0195718 0.0034648 0.0069818 0.0026019 0.0026019 0.0026019 0.0034748 0.0026019 0.0026019 0.0026019 0.0026019 0.0000000 0.0008643 0.0025981 0.0052240 0.0034648 0.0087225 0.0087225 0.0096056 0.0096056 0.0096056 0.0078390 0.0052044 0.0087225 0.0052211 0.0087182 0.0114282 0.0114282 0.0114282 0.0105319 0.0096012 0.0373016 0.0274775 0.0223773 0.0242494 0.0736317 0.0736317 0.0736317 0.0736317 0.0493490 0.0936730 0.0936730 0.0936730 0.0950066 0.0936730 0.0132430 0.0548054 0.2442882 0.2442882 0.2632330 0.2648910 0.2648910 0.2648910 0.2648910 0.2648910 0.2544382 0.2544382 0.2544382 0.2544382 0.2544382 0.2544382 
PanPan_chrY_LOC129395777_29753578_Q9.2A_C3_-                              0.0297766 0.0269520 0.0260309 0.0288044 0.0374537 0.0297053 0.0307788 0.0289190 0.0242190 0.0326394 0.0204963 0.0205241 0.0223455 0.0232914 0.0214229 0.0205124 0.0043415 0.0078737 0.0034777 0.0034777 0.0034777 0.0043541 0.0034777 0.0034777 0.0034777 0.0034777 0.0008643 0.0000000 0.0034725 0.0061095 0.0043415 0.0096182 0.0096182 0.0105045 0.0105045 0.0105045 0.0087313 0.0060866 0.0096182 0.0061061 0.0096135 0.0123376 0.0123376 0.0123376 0.0114376 0.0104997 0.0384179 0.0274775 0.0233308 0.0252108 0.0747864 0.0747864 0.0747864 0.0747864 0.0493490 0.0950334 0.0950334 0.0950334 0.0963747 0.0950334 0.0149674 0.0548054 0.2468019 0.2468019 0.2653890 0.2670554 0.2670554 0.2670554 0.2670554 0.2670554 0.2565159 0.2565159 0.2565159 0.2565159 0.2565159 0.2565159 
PanPan_chrY_LOC129395778_29730086_Q9.3A_C3_-                              0.0296981 0.0268814 0.0259628 0.0287288 0.0373538 0.0296272 0.0306975 0.0288350 0.0223233 0.0325530 0.0204431 0.0204708 0.0222873 0.0232306 0.0213672 0.0204592 0.0060901 0.0060970 0.0017312 0.0017312 0.0017312 0.0026010 0.0017312 0.0017312 0.0017312 0.0017312 0.0025981 0.0034725 0.0000000 0.0043447 0.0060901 0.0113896 0.0113896 0.0122797 0.0122797 0.0122797 0.0104984 0.0078411 0.0113896 0.0078664 0.0113840 0.0105289 0.0105289 0.0123060 0.0114084 0.0122741 0.0341278 0.0274269 0.0214404 0.0251446 0.0745754 0.0745754 0.0745754 0.0745754 0.0492644 0.0947301 0.0947301 0.0947301 0.0960661 0.0947301 0.0132500 0.0548054 0.2456799 0.2456799 0.2643827 0.2660413 0.2660413 0.2660413 0.2660413 0.2660413 0.2555660 0.2555660 0.2555660 0.2555660 0.2555660 0.2555660 
PanPan_chrY_LOC129395779_29435508_Q9.3B_C3_t                              0.0306220 0.0277990 0.0268789 0.0296496 0.0382954 0.0305488 0.0316252 0.0298552 0.0232342 0.0334836 0.0213483 0.0213773 0.0231967 0.0241428 0.0222746 0.0213651 0.0087469 0.0069731 0.0025987 0.0025987 0.0025987 0.0034705 0.0025987 0.0025987 0.0025987 0.0025987 0.0052240 0.0061095 0.0043447 0.0000000 0.0087469 0.0140939 0.0140939 0.0149919 0.0149919 0.0149919 0.0131940 0.0105111 0.0140939 0.0105452 0.0140870 0.0131950 0.0131950 0.0131950 0.0122952 0.0149850 0.0372484 0.0289989 0.0241836 0.0260630 0.0755963 0.0755963 0.0755963 0.0755963 0.0507502 0.0959005 0.0959005 0.0959005 0.0972412 0.0959005 0.0148899 0.0608897 0.2475516 0.2475516 0.2659678 0.2676309 0.2676309 0.2676309 0.2676309 0.2676309 0.2571022 0.2571022 0.2571022 0.2571022 0.2571022 0.2571022 
PanPan_chrY_LOC129395540_25449086_Q12.14B_C3_t                            0.0269071 0.0241118 0.0231986 0.0259477 0.0345010 0.0268430 0.0278939 0.0267802 0.0213994 0.0316434 0.0177171 0.0177410 0.0195470 0.0204810 0.0186336 0.0177309 0.0000010 0.0034725 0.0060992 0.0060992 0.0060992 0.0052205 0.0060992 0.0060992 0.0060992 0.0060992 0.0034648 0.0043415 0.0060901 0.0087469 0.0000000 0.0069543 0.0069543 0.0078324 0.0078324 0.0078324 0.0060764 0.0052024 0.0069543 0.0034690 0.0069510 0.0096370 0.0096370 0.0096370 0.0087466 0.0078289 0.0361977 0.0258866 0.0205153 0.0223745 0.0714520 0.0714520 0.0714520 0.0714520 0.0477580 0.0899801 0.0899801 0.0899801 0.0912968 0.0899801 0.0115431 0.0518346 0.2399971 0.2399971 0.2576154 0.2592544 0.2592544 0.2592544 0.2592544 0.2592544 0.2490106 0.2490106 0.2490106 0.2490106 0.2490106 0.2490106 
PanPan_chrY_LOC129395558_34784065_Q5A_C3_-                                0.0325214 0.0296818 0.0287573 0.0315416 0.0392105 0.0324445 0.0335339 0.0319420 0.0269415 0.0373394 0.0231967 0.0232283 0.0250562 0.0260093 0.0241289 0.0232150 0.0069543 0.0105104 0.0114067 0.0114067 0.0114067 0.0105144 0.0114067 0.0114067 0.0114067 0.0114067 0.0087225 0.0096182 0.0113896 0.0140939 0.0069543 0.0000000 0.0000010 0.0008630 0.0008630 0.0008630 0.0043330 0.0052093 0.0017272 0.0069654 0.0052044 0.0149987 0.0149987 0.0149987 0.0140933 0.0113662 0.0414918 0.0258866 0.0250817 0.0269642 0.0765571 0.0765571 0.0765571 0.0765571 0.0476481 0.0957734 0.0957734 0.0957734 0.0971119 0.0957734 0.0182668 0.0518346 0.2474423 0.2474423 0.2655441 0.2672040 0.2672040 0.2672040 0.2672040 0.2672040 0.2567023 0.2567023 0.2567023 0.2567023 0.2567023 0.2567023 
PanPan_chrY_LOC129395739_26181667_Q12.9B_C3_t                             0.0325214 0.0296818 0.0287573 0.0315416 0.0392105 0.0324445 0.0335339 0.0319420 0.0269415 0.0373394 0.0231967 0.0232283 0.0250562 0.0260093 0.0241289 0.0232150 0.0069543 0.0105104 0.0114067 0.0114067 0.0114067 0.0105144 0.0114067 0.0114067 0.0114067 0.0114067 0.0087225 0.0096182 0.0113896 0.0140939 0.0069543 0.0000010 0.0000000 0.0008630 0.0008630 0.0008630 0.0043330 0.0052093 0.0017272 0.0069654 0.0052044 0.0149987 0.0149987 0.0149987 0.0140933 0.0113662 0.0414918 0.0258866 0.0250817 0.0269642 0.0765571 0.0765571 0.0765571 0.0765571 0.0476481 0.0957734 0.0957734 0.0957734 0.0971119 0.0957734 0.0182668 0.0518346 0.2474423 0.2474423 0.2655441 0.2672040 0.2672040 0.2672040 0.2672040 0.2672040 0.2567023 0.2567023 0.2567023 0.2567023 0.2567023 0.2567023 
PanPan_chrY_LOC129395720_18242344_Q20.4A_C3_t                             0.0334647 0.0306168 0.0296904 0.0324805 0.0401696 0.0333846 0.0326022 0.0329828 0.0278719 0.0364000 0.0241167 0.0241496 0.0259811 0.0269374 0.0250515 0.0241358 0.0078324 0.0113992 0.0122981 0.0122981 0.0122981 0.0114035 0.0122981 0.0122981 0.0122981 0.0122981 0.0096056 0.0105045 0.0122797 0.0149919 0.0078324 0.0008630 0.0008630 0.0000000 0.0000010 0.0000010 0.0052054 0.0060844 0.0025937 0.0078449 0.0060787 0.0158992 0.0158992 0.0158992 0.0149913 0.0122544 0.0404444 0.0258866 0.0260076 0.0278955 0.0776087 0.0776087 0.0776087 0.0776087 0.0476481 0.0969819 0.0969819 0.0969819 0.0983255 0.0969819 0.0199701 0.0518346 0.2474423 0.2474423 0.2655441 0.2672040 0.2672040 0.2672040 0.2672040 0.2672040 0.2567023 0.2567023 0.2567023 0.2567023 0.2567023 0.2567023 
PanPan_chrY_LOC129395726_17016306_Q20.6B_C3_-                             0.0334647 0.0306168 0.0296904 0.0324805 0.0401696 0.0333846 0.0326022 0.0329828 0.0278719 0.0364000 0.0241167 0.0241496 0.0259811 0.0269374 0.0250515 0.0241358 0.0078324 0.0113992 0.0122981 0.0122981 0.0122981 0.0114035 0.0122981 0.0122981 0.0122981 0.0122981 0.0096056 0.0105045 0.0122797 0.0149919 0.0078324 0.0008630 0.0008630 0.0000010 0.0000000 0.0000010 0.0052054 0.0060844 0.0025937 0.0078449 0.0060787 0.0158992 0.0158992 0.0158992 0.0149913 0.0122544 0.0404444 0.0258866 0.0260076 0.0278955 0.0776087 0.0776087 0.0776087 0.0776087 0.0476481 0.0969819 0.0969819 0.0969819 0.0983255 0.0969819 0.0199701 0.0518346 0.2474423 0.2474423 0.2655441 0.2672040 0.2672040 0.2672040 0.2672040 0.2672040 0.2567023 0.2567023 0.2567023 0.2567023 0.2567023 0.2567023 
PanPan_chrY_LOC129395729_16993365_Q20.11B_C3_-                            0.0334647 0.0306168 0.0296904 0.0324805 0.0401696 0.0333846 0.0326022 0.0329828 0.0278719 0.0364000 0.0241167 0.0241496 0.0259811 0.0269374 0.0250515 0.0241358 0.0078324 0.0113992 0.0122981 0.0122981 0.0122981 0.0114035 0.0122981 0.0122981 0.0122981 0.0122981 0.0096056 0.0105045 0.0122797 0.0149919 0.0078324 0.0008630 0.0008630 0.0000010 0.0000010 0.0000000 0.0052054 0.0060844 0.0025937 0.0078449 0.0060787 0.0158992 0.0158992 0.0158992 0.0149913 0.0122544 0.0404444 0.0258866 0.0260076 0.0278955 0.0776087 0.0776087 0.0776087 0.0776087 0.0476481 0.0969819 0.0969819 0.0969819 0.0983255 0.0969819 0.0199701 0.0518346 0.2474423 0.2474423 0.2655441 0.2672040 0.2672040 0.2672040 0.2672040 0.2672040 0.2567023 0.2567023 0.2567023 0.2567023 0.2567023 0.2567023 
PanPan_chrY_LOC129395722_17798006_Q20.6A_C3_-                             0.0315712 0.0287399 0.0278175 0.0305951 0.0382412 0.0314957 0.0325791 0.0308931 0.0260050 0.0363741 0.0222719 0.0223022 0.0241259 0.0250754 0.0232011 0.0222894 0.0060764 0.0096207 0.0105141 0.0105141 0.0105141 0.0096244 0.0105141 0.0105141 0.0105141 0.0105141 0.0078390 0.0087313 0.0104984 0.0131940 0.0060764 0.0043330 0.0043330 0.0052054 0.0052054 0.0052054 0.0000000 0.0025961 0.0025949 0.0060860 0.0008629 0.0140960 0.0140960 0.0140960 0.0131934 0.0104769 0.0404123 0.0258866 0.0241503 0.0260270 0.0754809 0.0754809 0.0754809 0.0754809 0.0476481 0.0945288 0.0945288 0.0945288 0.0958614 0.0945288 0.0182928 0.0518346 0.2475256 0.2475256 0.2637329 0.2653867 0.2653867 0.2653867 0.2653867 0.2653867 0.2565549 0.2565549 0.2565549 0.2565549 0.2565549 0.2565549 
PanPan_chrY_LOC129395734_26933077_Q12.3A_C3_t                             0.0306336 0.0278095 0.0268891 0.0296608 0.0383099 0.0305603 0.0316372 0.0309031 0.0250792 0.0354231 0.0213564 0.0213854 0.0232055 0.0241519 0.0222831 0.0213732 0.0052024 0.0087362 0.0078528 0.0078528 0.0078528 0.0087395 0.0078528 0.0078528 0.0078528 0.0078528 0.0052044 0.0060866 0.0078411 0.0105111 0.0052024 0.0052093 0.0052093 0.0060844 0.0060844 0.0060844 0.0025961 0.0000000 0.0052093 0.0069686 0.0034647 0.0132000 0.0132000 0.0132000 0.0122998 0.0095930 0.0404258 0.0274775 0.0241928 0.0260729 0.0756250 0.0756250 0.0756250 0.0756250 0.0492753 0.0959407 0.0959407 0.0959407 0.0972820 0.0959407 0.0165854 0.0548054 0.2496471 0.2496471 0.2660821 0.2677460 0.2677460 0.2677460 0.2677460 0.2677460 0.2572108 0.2572108 0.2572108 0.2572108 0.2572108 0.2572108 
PanPan_chrY_LOC129395723_17504218_Q20.4B_C3_t                             0.0325214 0.0296818 0.0287573 0.0315416 0.0392105 0.0324445 0.0335339 0.0319420 0.0269415 0.0373394 0.0231967 0.0232283 0.0250562 0.0260093 0.0241289 0.0232150 0.0069543 0.0105104 0.0114067 0.0114067 0.0114067 0.0105144 0.0114067 0.0114067 0.0114067 0.0114067 0.0087225 0.0096182 0.0113896 0.0140939 0.0069543 0.0017272 0.0017272 0.0025937 0.0025937 0.0025937 0.0025949 0.0052093 0.0000000 0.0069654 0.0034631 0.0149987 0.0149987 0.0149987 0.0140933 0.0113662 0.0414918 0.0258866 0.0250817 0.0269642 0.0765571 0.0765571 0.0765571 0.0765571 0.0476481 0.0957734 0.0957734 0.0957734 0.0971119 0.0957734 0.0182668 0.0518346 0.2474423 0.2474423 0.2655441 0.2672040 0.2672040 0.2672040 0.2672040 0.2672040 0.2583111 0.2583111 0.2583111 0.2583111 0.2583111 0.2583111 
PanPan_chrY_LOC129395725_17460315_Q20.9A_C3_t                             0.0288379 0.0260210 0.0251018 0.0278693 0.0354759 0.0287690 0.0298359 0.0278739 0.0232928 0.0336129 0.0195807 0.0196073 0.0214249 0.0223675 0.0205046 0.0195961 0.0034690 0.0069903 0.0078782 0.0078782 0.0078782 0.0069929 0.0078782 0.0078782 0.0078782 0.0078782 0.0052211 0.0061061 0.0078664 0.0105452 0.0034690 0.0069654 0.0069654 0.0078449 0.0078449 0.0078449 0.0060860 0.0069686 0.0069654 0.0000000 0.0069620 0.0114422 0.0114422 0.0114422 0.0105448 0.0096129 0.0363242 0.0258866 0.0214465 0.0233123 0.0725456 0.0725456 0.0725456 0.0725456 0.0476481 0.0924092 0.0924092 0.0924092 0.0937366 0.0924092 0.0149728 0.0518346 0.2446484 0.2446484 0.2613522 0.2630037 0.2630037 0.2630037 0.2630037 0.2630037 0.2526220 0.2526220 0.2526220 0.2526220 0.2526220 0.2526220 
PanPan_chrY_LOC129395724_17483270_Q20.9A_C3_t                             0.0325046 0.0296666 0.0287426 0.0315253 0.0391900 0.0324279 0.0335166 0.0319239 0.0269277 0.0373199 0.0231850 0.0232166 0.0250435 0.0259960 0.0241167 0.0232033 0.0069510 0.0105053 0.0114011 0.0114011 0.0114011 0.0105093 0.0114011 0.0114011 0.0114011 0.0114011 0.0087182 0.0096135 0.0113840 0.0140870 0.0069510 0.0052044 0.0052044 0.0060787 0.0060787 0.0060787 0.0008629 0.0034647 0.0034631 0.0069620 0.0000000 0.0149913 0.0149913 0.0149913 0.0140864 0.0113607 0.0414676 0.0258866 0.0250690 0.0269505 0.0765133 0.0765133 0.0765133 0.0765133 0.0476481 0.0957105 0.0957105 0.0957105 0.0970478 0.0957105 0.0199914 0.0518346 0.2494060 0.2494060 0.2653127 0.2669706 0.2669706 0.2669706 0.2669706 0.2669706 0.2580918 0.2580918 0.2580918 0.2580918 0.2580918 0.2580918 
PanTro_chrY_LOC736145_15412683_Q10.3B_C3_t                                0.0296761 0.0268617 0.0259438 0.0287076 0.0373254 0.0296053 0.0306746 0.0298433 0.0241381 0.0344483 0.0204284 0.0204561 0.0222712 0.0232137 0.0213518 0.0204444 0.0096370 0.0096214 0.0105150 0.0105150 0.0105150 0.0096251 0.0105150 0.0105150 0.0105150 0.0105150 0.0114282 0.0123376 0.0105289 0.0131950 0.0096370 0.0149987 0.0149987 0.0158992 0.0158992 0.0158992 0.0140960 0.0132000 0.0149987 0.0114422 0.0149913 0.0000000 0.0000010 0.0017287 0.0096282 0.0158917 0.0372369 0.0289307 0.0158935 0.0195258 0.0745123 0.0745123 0.0745123 0.0745123 0.0505624 0.0932157 0.0932157 0.0932157 0.0945412 0.0932157 0.0082117 0.0605492 0.2347222 0.2347222 0.2572372 0.2588725 0.2588725 0.2588725 0.2588725 0.2588725 0.2486573 0.2486573 0.2486573 0.2486573 0.2486573 0.2486573 
PanTro_chrY_LOC736860_16443912_Q10.3A_C3_-                                0.0296761 0.0268617 0.0259438 0.0287076 0.0373254 0.0296053 0.0306746 0.0298433 0.0241381 0.0344483 0.0204284 0.0204561 0.0222712 0.0232137 0.0213518 0.0204444 0.0096370 0.0096214 0.0105150 0.0105150 0.0105150 0.0096251 0.0105150 0.0105150 0.0105150 0.0105150 0.0114282 0.0123376 0.0105289 0.0131950 0.0096370 0.0149987 0.0149987 0.0158992 0.0158992 0.0158992 0.0140960 0.0132000 0.0149987 0.0114422 0.0149913 0.0000010 0.0000000 0.0017287 0.0096282 0.0158917 0.0372369 0.0289307 0.0158935 0.0195258 0.0745123 0.0745123 0.0745123 0.0745123 0.0505624 0.0932157 0.0932157 0.0932157 0.0945412 0.0932157 0.0082117 0.0605492 0.2347222 0.2347222 0.2572372 0.2588725 0.2588725 0.2588725 0.2588725 0.2588725 0.2486573 0.2486573 0.2486573 0.2486573 0.2486573 0.2486573 
PanTro_chrY_LOC112208098_16149486_Q10.3A_C3_t                             0.0296761 0.0268617 0.0259438 0.0287076 0.0373254 0.0296053 0.0306746 0.0298433 0.0241381 0.0344483 0.0204284 0.0204561 0.0222712 0.0232137 0.0213518 0.0204444 0.0096370 0.0096214 0.0105150 0.0105150 0.0105150 0.0096251 0.0105150 0.0105150 0.0105150 0.0105150 0.0114282 0.0123376 0.0123060 0.0131950 0.0096370 0.0149987 0.0149987 0.0158992 0.0158992 0.0158992 0.0140960 0.0132000 0.0149987 0.0114422 0.0149913 0.0017287 0.0017287 0.0000000 0.0096282 0.0158917 0.0393305 0.0289307 0.0176916 0.0177184 0.0745123 0.0745123 0.0745123 0.0745123 0.0505624 0.0932157 0.0932157 0.0932157 0.0945412 0.0932157 0.0115350 0.0605492 0.2328939 0.2328939 0.2541537 0.2557812 0.2557812 0.2557812 0.2557812 0.2557812 0.2456633 0.2456633 0.2456633 0.2456633 0.2456633 0.2456633 
PanTro_chrY_LOC740336_24040994_Q4A_C3_-                                   0.0306200 0.0277973 0.0268773 0.0296477 0.0382925 0.0305468 0.0316231 0.0298086 0.0250683 0.0344388 0.0213472 0.0213762 0.0231954 0.0241414 0.0222734 0.0213640 0.0087466 0.0087326 0.0096230 0.0096230 0.0096230 0.0087359 0.0096230 0.0096230 0.0096230 0.0096230 0.0105319 0.0114376 0.0114084 0.0122952 0.0087466 0.0140933 0.0140933 0.0149913 0.0149913 0.0149913 0.0131934 0.0122998 0.0140933 0.0105448 0.0140864 0.0096282 0.0096282 0.0096282 0.0000000 0.0149843 0.0382685 0.0288932 0.0223194 0.0241862 0.0734202 0.0734202 0.0734202 0.0734202 0.0522344 0.0947829 0.0947829 0.0947829 0.0961198 0.0947829 0.0132442 0.0575953 0.2372342 0.2372342 0.2576500 0.2592884 0.2592884 0.2592884 0.2592884 0.2592884 0.2490474 0.2490474 0.2490474 0.2490474 0.2490474 0.2490474 
PanPan_chrY_LOC129395733_26495121_Q12.6A_C3_-                             0.0334480 0.0306016 0.0296757 0.0324642 0.0411839 0.0333679 0.0344642 0.0340185 0.0278582 0.0382756 0.0241051 0.0241379 0.0259685 0.0269242 0.0250394 0.0241241 0.0078289 0.0113940 0.0122925 0.0122925 0.0122925 0.0113983 0.0122925 0.0122925 0.0122925 0.0122925 0.0096012 0.0104997 0.0122741 0.0149850 0.0078289 0.0113662 0.0113662 0.0122544 0.0122544 0.0122544 0.0104769 0.0095930 0.0113662 0.0096129 0.0113607 0.0158917 0.0158917 0.0158917 0.0149843 0.0000000 0.0436192 0.0354397 0.0269700 0.0288657 0.0787670 0.0787670 0.0787670 0.0787670 0.0567972 0.0995560 0.0995560 0.0995560 0.1009121 0.0995560 0.0132166 0.0549394 0.2517153 0.2517153 0.2678294 0.2694984 0.2694984 0.2694984 0.2694984 0.2694984 0.2589027 0.2589027 0.2589027 0.2589027 0.2589027 0.2589027 
GorGor_chrY_LOC129530259_15918165_Q2A_nonC_-                              0.0403390 0.0392881 0.0382434 0.0403390 0.0392839 0.0370862 0.0341076 0.0371128 0.0383443 0.0435302 0.0394202 0.0394815 0.0415834 0.0427062 0.0394560 0.0394560 0.0361977 0.0340496 0.0340754 0.0340754 0.0340754 0.0330195 0.0340754 0.0340754 0.0340754 0.0340754 0.0373016 0.0384179 0.0341278 0.0372484 0.0361977 0.0414918 0.0414918 0.0404444 0.0404444 0.0404444 0.0404123 0.0404258 0.0414918 0.0363242 0.0414676 0.0372369 0.0372369 0.0393305 0.0382685 0.0436192 0.0000000 0.0268267 0.0341070 0.0383429 0.0657868 0.0657868 0.0657868 0.0657868 0.0386660 0.0873919 0.0873919 0.0873919 0.0888360 0.0873919 0.0487651 0.0668023 0.2382935 0.2382935 0.2493425 0.2511268 0.2511268 0.2511268 0.2511268 0.2511268 0.2382605 0.2382605 0.2382605 0.2382605 0.2382605 0.2382605 
