63
GorGor_chrX_LOC101136398_18637821_nonP-closest-Q7A-at-21549_nonC_-  0.0000000 0.0027492 0.0083451 0.0055108 0.0662918 0.0549252 0.0511685 0.0585170 0.0549859 0.0549859 0.0705793 0.0668250 0.0668250 0.0668250 0.0668250 0.0668250 0.0665354 0.0665354 0.0665354 0.0705793 0.0668250 0.0668250 0.0668250 0.0708372 0.0668250 0.0668250 0.0628524 0.0628524 0.0591529 0.0591529 0.0630683 0.0591529 0.0630683 0.0702220 0.0708350 0.0624886 0.0630683 0.0708350 0.0630683 0.0701901 0.0701901 0.1441389 0.1450925 0.1499142 0.1395809 0.1353871 0.1441915 0.1407157 0.1395809 0.1390795 0.1540134 0.1309867 0.1430548 0.1441389 0.1435711 0.1488016 0.1649512 0.1458950 0.1561827 0.1603362 0.1644567 0.1644567 0.1146365 
GorGor_chrX_LOC115932241_18318980_nonP-closest-Q7A-at-340987_nonC_t 0.0027492 0.0000000 0.0133981 0.0083454 0.0662918 0.0549252 0.0511685 0.0585170 0.0549859 0.0549859 0.0705793 0.0668250 0.0668250 0.0668250 0.0668250 0.0668250 0.0665354 0.0665354 0.0665354 0.0705793 0.0668250 0.0668250 0.0668250 0.0708372 0.0668250 0.0668250 0.0628524 0.0628524 0.0591529 0.0591529 0.0630683 0.0591529 0.0630683 0.0702220 0.0708350 0.0624886 0.0630683 0.0708350 0.0630683 0.0701901 0.0701901 0.1441389 0.1450925 0.1499142 0.1395809 0.1353871 0.1441915 0.1407157 0.1395809 0.1390795 0.1540134 0.1309867 0.1430548 0.1441389 0.1435711 0.1488016 0.1649512 0.1458950 0.1561827 0.1603362 0.1644567 0.1644567 0.1146365 
GorGor_chrX_LOC115932281_18934879_nonP-closest-Q8B-at-181239_nonC_t 0.0083451 0.0133981 0.0000000 0.0027463 0.0702586 0.0587055 0.0548804 0.0623500 0.0587706 0.0587706 0.0746281 0.0708222 0.0708222 0.0708222 0.0708222 0.0708222 0.0705151 0.0705151 0.0705151 0.0746281 0.0708222 0.0708222 0.0708222 0.0749017 0.0708222 0.0708222 0.0667808 0.0667808 0.0630268 0.0630268 0.0670107 0.0630268 0.0670107 0.0742533 0.0749007 0.0663960 0.0670107 0.0749007 0.0670107 0.0742197 0.0742197 0.1446136 0.1455728 0.1504057 0.1400436 0.1358403 0.1446675 0.1411826 0.1400436 0.1395400 0.1545157 0.1314280 0.1435257 0.1446136 0.1440448 0.1492894 0.1654738 0.1463668 0.1566829 0.1608469 0.1649776 0.1649776 0.1150237 
GorGor_chrX_LOC129529790_17003459_nonP-closest-Q3A-at-111653_nonC_- 0.0055108 0.0083454 0.0027463 0.0000000 0.0662482 0.0548900 0.0511361 0.0584792 0.0549507 0.0549507 0.0705323 0.0667808 0.0667808 0.0667808 0.0667808 0.0667808 0.0664915 0.0664915 0.0664915 0.0705323 0.0667808 0.0667808 0.0667808 0.0707899 0.0667808 0.0667808 0.0628112 0.0628112 0.0591144 0.0591144 0.0630268 0.0591144 0.0630268 0.0701754 0.0707877 0.0624479 0.0630268 0.0707877 0.0630268 0.0701436 0.0701436 0.1394772 0.1403913 0.1451762 0.1349633 0.1307930 0.1395184 0.1360741 0.1349633 0.1344764 0.1492308 0.1264339 0.1384143 0.1394772 0.1389118 0.1440836 0.1601164 0.1412938 0.1514521 0.1555583 0.1596330 0.1596330 0.1103245 
HomSap_chrX_VCX2_7734626_nonP-closest-Q1A-at-7154617_nonC_-         0.0662918 0.0662918 0.0702586 0.0662482 0.0000000 0.0088041 0.0118576 0.0118125 0.0342816 0.0342816 0.0482158 0.0447310 0.0447310 0.0447310 0.0447310 0.0447310 0.0595553 0.0595553 0.0595553 0.0482158 0.0447310 0.0447310 0.0447310 0.0483884 0.0447310 0.0447310 0.0411194 0.0411194 0.0377029 0.0377029 0.0412592 0.0377029 0.0412592 0.0479624 0.0559229 0.0408765 0.0412592 0.0559229 0.0412592 0.0407391 0.0407391 0.1268187 0.1276313 0.1278448 0.1224121 0.1182972 0.1358835 0.1273405 0.1224121 0.1219642 0.1362724 0.1140361 0.1258159 0.1358507 0.1262650 0.1312871 0.1810065 0.1610891 0.1718486 0.1761812 0.1804760 0.1804760 0.1162496 
HomSap_chrX_VCX3A_6086887_nonP-closest-Q1A-at-8802089_nonC_-        0.0549252 0.0549252 0.0587055 0.0548900 0.0088041 0.0000000 0.0028885 0.0088044 0.0242979 0.0242979 0.0447310 0.0412850 0.0412850 0.0412850 0.0412850 0.0412850 0.0483732 0.0483732 0.0483732 0.0447310 0.0412850 0.0412850 0.0412850 0.0448906 0.0412850 0.0412850 0.0377262 0.0377262 0.0343506 0.0343506 0.0378543 0.0343506 0.0378543 0.0444947 0.0448827 0.0375028 0.0378543 0.0448827 0.0378543 0.0373769 0.0373769 0.1215530 0.1223208 0.1225364 0.1172129 0.1131443 0.1304689 0.1220532 0.1172129 0.1167841 0.1308399 0.1089470 0.1205823 0.1304484 0.1210097 0.1259439 0.1652114 0.1460830 0.1564086 0.1605780 0.1647146 0.1647146 0.1111806 
HomSap_chrX_VCX3B_8031418_nonP-closest-Q1A-at-6857588_nonC_t        0.0511685 0.0511685 0.0548804 0.0511361 0.0118576 0.0028885 0.0000000 0.0118582 0.0210463 0.0210463 0.0411136 0.0377213 0.0377213 0.0377213 0.0377213 0.0377213 0.0446881 0.0446881 0.0446881 0.0411136 0.0377213 0.0377213 0.0377213 0.0412592 0.0377213 0.0377213 0.0342308 0.0342308 0.0309104 0.0309104 0.0343464 0.0309104 0.0343464 0.0408962 0.0412509 0.0340283 0.0343464 0.0412509 0.0343464 0.0339147 0.0339147 0.1166998 0.1174279 0.1176443 0.1124175 0.1083890 0.1254857 0.1171804 0.1124175 0.1120060 0.1258407 0.1042467 0.1157590 0.1254757 0.1161670 0.1210233 0.1597990 0.1409663 0.1511279 0.1552373 0.1593155 0.1593155 0.1065020 
HomSap_chrX_VCX_7395939_nonP-closest-Q1A-at-7492806_nonC_t          0.0585170 0.0585170 0.0623500 0.0584792 0.0118125 0.0088044 0.0118582 0.0000000 0.0342857 0.0342857 0.0557371 0.0521457 0.0521457 0.0521457 0.0521457 0.0521457 0.0519182 0.0519182 0.0519182 0.0557371 0.0521457 0.0521457 0.0521457 0.0559391 0.0521457 0.0521457 0.0483962 0.0483962 0.0448690 0.0448690 0.0485622 0.0448690 0.0485622 0.0554460 0.0483888 0.0481105 0.0485622 0.0483888 0.0485622 0.0479473 0.0479473 0.1259688 0.1267714 0.1269847 0.1215872 0.1174935 0.1349811 0.1264854 0.1215872 0.1211438 0.1353659 0.1132573 0.1249743 0.1349505 0.1254184 0.1304104 0.1700424 0.1506861 0.1611372 0.1653535 0.1695351 0.1695351 0.1154659 
HomSap_chrY_VCY1B_14962884_Q1B_nonC_t                               0.0549859 0.0549859 0.0587706 0.0549507 0.0342816 0.0242979 0.0210463 0.0342857 0.0000000 0.0000010 0.0590444 0.0554344 0.0554344 0.0554344 0.0554344 0.0554344 0.0592028 0.0592028 0.0592028 0.0590444 0.0554344 0.0554344 0.0554344 0.0592578 0.0554344 0.0554344 0.0481053 0.0481053 0.0481053 0.0481053 0.0518300 0.0481053 0.0518300 0.0587395 0.0555923 0.0513514 0.0518300 0.0555923 0.0518300 0.0511779 0.0511779 0.1078550 0.1085152 0.1129942 0.1036641 0.0996978 0.1164342 0.1083009 0.1036641 0.1032834 0.1167619 0.0956422 0.1069685 0.1164415 0.1073432 0.1120715 0.1703307 0.1509342 0.1614070 0.1597033 0.1638238 0.1638238 0.0898121 
HomSap_chrY_VCY_14892390_Q1A_nonC_-                                 0.0549859 0.0549859 0.0587706 0.0549507 0.0342816 0.0242979 0.0210463 0.0342857 0.0000010 0.0000000 0.0590444 0.0554344 0.0554344 0.0554344 0.0554344 0.0554344 0.0592028 0.0592028 0.0592028 0.0590444 0.0554344 0.0554344 0.0554344 0.0592578 0.0554344 0.0554344 0.0481053 0.0481053 0.0481053 0.0481053 0.0518300 0.0481053 0.0518300 0.0587395 0.0555923 0.0513514 0.0518300 0.0555923 0.0518300 0.0511779 0.0511779 0.1078550 0.1085152 0.1129942 0.1036641 0.0996978 0.1164342 0.1083009 0.1036641 0.1032834 0.1167619 0.0956422 0.1069685 0.1164415 0.1073432 0.1120715 0.1703307 0.1509342 0.1614070 0.1597033 0.1638238 0.1638238 0.0898121 
PanPan_chrX_LOC100970257_9387723_Q22A_C5_t                          0.0705793 0.0705793 0.0746281 0.0705323 0.0482158 0.0447310 0.0411136 0.0557371 0.0590444 0.0590444 0.0000000 0.0028919 0.0028919 0.0028919 0.0028919 0.0028919 0.0280435 0.0280435 0.0280435 0.0058206 0.0028919 0.0028919 0.0028919 0.0058388 0.0028919 0.0028919 0.0181000 0.0181000 0.0088142 0.0088142 0.0058206 0.0088142 0.0058206 0.0117303 0.0384076 0.0117624 0.0058206 0.0384076 0.0058206 0.0243857 0.0243857 0.1452422 0.1462091 0.1510586 0.1406548 0.1410063 0.1547344 0.1417998 0.1406548 0.1401480 0.1551847 0.1365396 0.1441489 0.1546541 0.1446718 0.1499371 0.1986668 0.1778704 0.1891045 0.1936267 0.1981040 0.1981040 0.1490352 
PanPan_chrX_LOC100979632_10488572_Q21A_C34_t                        0.0668250 0.0668250 0.0708222 0.0667808 0.0447310 0.0412850 0.0377213 0.0521457 0.0554344 0.0554344 0.0028919 0.0000000 0.0000010 0.0000010 0.0000010 0.0000010 0.0247733 0.0247733 0.0247733 0.0028919 0.0000010 0.0000010 0.0000010 0.0029014 0.0000010 0.0000010 0.0149901 0.0149901 0.0058388 0.0058388 0.0028919 0.0058388 0.0028919 0.0087436 0.0349910 0.0087674 0.0028919 0.0349910 0.0028919 0.0212060 0.0212060 0.1499826 0.1509905 0.1558747 0.1453513 0.1457260 0.1595806 0.1465193 0.1453513 0.1448303 0.1600470 0.1412184 0.1488693 0.1594869 0.1494116 0.1547344 0.2039649 0.1829274 0.1942893 0.1988653 0.2033946 0.2033946 0.1538274 
PanPan_chrX_LOC117977702_10745258_Q21A_C34_t                        0.0668250 0.0668250 0.0708222 0.0667808 0.0447310 0.0412850 0.0377213 0.0521457 0.0554344 0.0554344 0.0028919 0.0000010 0.0000000 0.0000010 0.0000010 0.0000010 0.0247733 0.0247733 0.0247733 0.0028919 0.0000010 0.0000010 0.0000010 0.0029014 0.0000010 0.0000010 0.0149901 0.0149901 0.0058388 0.0058388 0.0028919 0.0058388 0.0028919 0.0087436 0.0349910 0.0087674 0.0028919 0.0349910 0.0028919 0.0212060 0.0212060 0.1499826 0.1509905 0.1558747 0.1453513 0.1457260 0.1595806 0.1465193 0.1453513 0.1448303 0.1600470 0.1412184 0.1488693 0.1594869 0.1494116 0.1547344 0.2039649 0.1829274 0.1942893 0.1988653 0.2033946 0.2033946 0.1538274 
PanPan_chrX_LOC117977873_10786687_Q21A_C34_t                        0.0668250 0.0668250 0.0708222 0.0667808 0.0447310 0.0412850 0.0377213 0.0521457 0.0554344 0.0554344 0.0028919 0.0000010 0.0000010 0.0000000 0.0000010 0.0000010 0.0247733 0.0247733 0.0247733 0.0028919 0.0000010 0.0000010 0.0000010 0.0029014 0.0000010 0.0000010 0.0149901 0.0149901 0.0058388 0.0058388 0.0028919 0.0058388 0.0028919 0.0087436 0.0349910 0.0087674 0.0028919 0.0349910 0.0028919 0.0212060 0.0212060 0.1499826 0.1509905 0.1558747 0.1453513 0.1457260 0.1595806 0.1465193 0.1453513 0.1448303 0.1600470 0.1412184 0.1488693 0.1594869 0.1494116 0.1547344 0.2039649 0.1829274 0.1942893 0.1988653 0.2033946 0.2033946 0.1538274 
PanPan_chrX_LOC117978073_10766095_Q21A_C34_t                        0.0668250 0.0668250 0.0708222 0.0667808 0.0447310 0.0412850 0.0377213 0.0521457 0.0554344 0.0554344 0.0028919 0.0000010 0.0000010 0.0000010 0.0000000 0.0000010 0.0247733 0.0247733 0.0247733 0.0028919 0.0000010 0.0000010 0.0000010 0.0029014 0.0000010 0.0000010 0.0149901 0.0149901 0.0058388 0.0058388 0.0028919 0.0058388 0.0028919 0.0087436 0.0349910 0.0087674 0.0028919 0.0349910 0.0028919 0.0212060 0.0212060 0.1499826 0.1509905 0.1558747 0.1453513 0.1457260 0.1595806 0.1465193 0.1453513 0.1448303 0.1600470 0.1412184 0.1488693 0.1594869 0.1494116 0.1547344 0.2039649 0.1829274 0.1942893 0.1988653 0.2033946 0.2033946 0.1538274 
PanPan_chrX_LOC117978111_9813413_Q22A_C5_-                          0.0668250 0.0668250 0.0708222 0.0667808 0.0447310 0.0412850 0.0377213 0.0521457 0.0554344 0.0554344 0.0028919 0.0000010 0.0000010 0.0000010 0.0000010 0.0000000 0.0247733 0.0247733 0.0247733 0.0028919 0.0000010 0.0000010 0.0000010 0.0029014 0.0000010 0.0000010 0.0149901 0.0149901 0.0058388 0.0058388 0.0028919 0.0058388 0.0028919 0.0087436 0.0349910 0.0087674 0.0028919 0.0349910 0.0028919 0.0212060 0.0212060 0.1499826 0.1509905 0.1558747 0.1453513 0.1457260 0.1595806 0.1465193 0.1453513 0.1448303 0.1600470 0.1412184 0.1488693 0.1594869 0.1494116 0.1547344 0.2039649 0.1829274 0.1942893 0.1988653 0.2033946 0.2033946 0.1538274 
PanPan_chrX_LOC117978241_9785169_Q22A_C5_-                          0.0665354 0.0665354 0.0705151 0.0664915 0.0595553 0.0483732 0.0446881 0.0519182 0.0592028 0.0592028 0.0280435 0.0247733 0.0247733 0.0247733 0.0247733 0.0247733 0.0000000 0.0000010 0.0000010 0.0280435 0.0247733 0.0247733 0.0247733 0.0214565 0.0247733 0.0247733 0.0150163 0.0150163 0.0246747 0.0246747 0.0280435 0.0246747 0.0280435 0.0345353 0.0149102 0.0277812 0.0280435 0.0149102 0.0280435 0.0278779 0.0278779 0.1389951 0.1399036 0.1446762 0.1344940 0.1312502 0.1482924 0.1356002 0.1344940 0.1340094 0.1487193 0.1268778 0.1379363 0.1482295 0.1384311 0.1435877 0.1980318 0.1772879 0.1884931 0.1930041 0.1974699 0.1974699 0.1291065 
PanPan_chrX_LOC117978277_9832937_Q22A_C5_-                          0.0665354 0.0665354 0.0705151 0.0664915 0.0595553 0.0483732 0.0446881 0.0519182 0.0592028 0.0592028 0.0280435 0.0247733 0.0247733 0.0247733 0.0247733 0.0247733 0.0000010 0.0000000 0.0000010 0.0280435 0.0247733 0.0247733 0.0247733 0.0214565 0.0247733 0.0247733 0.0150163 0.0150163 0.0246747 0.0246747 0.0280435 0.0246747 0.0280435 0.0345353 0.0149102 0.0277812 0.0280435 0.0149102 0.0280435 0.0278779 0.0278779 0.1389951 0.1399036 0.1446762 0.1344940 0.1312502 0.1482924 0.1356002 0.1344940 0.1340094 0.1487193 0.1268778 0.1379363 0.1482295 0.1384311 0.1435877 0.1980318 0.1772879 0.1884931 0.1930041 0.1974699 0.1974699 0.1291065 
PanPan_chrX_LOC117978367_9737587_Q22A_C5_-                          0.0665354 0.0665354 0.0705151 0.0664915 0.0595553 0.0483732 0.0446881 0.0519182 0.0592028 0.0592028 0.0280435 0.0247733 0.0247733 0.0247733 0.0247733 0.0247733 0.0000010 0.0000010 0.0000000 0.0280435 0.0247733 0.0247733 0.0247733 0.0214565 0.0247733 0.0247733 0.0150163 0.0150163 0.0246747 0.0246747 0.0280435 0.0246747 0.0280435 0.0345353 0.0149102 0.0277812 0.0280435 0.0149102 0.0280435 0.0278779 0.0278779 0.1389951 0.1399036 0.1446762 0.1344940 0.1312502 0.1482924 0.1356002 0.1344940 0.1340094 0.1487193 0.1268778 0.1379363 0.1482295 0.1384311 0.1435877 0.1980318 0.1772879 0.1884931 0.1930041 0.1974699 0.1974699 0.1291065 
PanPan_chrX_LOC117978431_9718015_Q22A_C5_-                          0.0705793 0.0705793 0.0746281 0.0705323 0.0482158 0.0447310 0.0411136 0.0557371 0.0590444 0.0590444 0.0058206 0.0028919 0.0028919 0.0028919 0.0028919 0.0028919 0.0280435 0.0280435 0.0280435 0.0000000 0.0028919 0.0028919 0.0028919 0.0058388 0.0028919 0.0028919 0.0181000 0.0181000 0.0088142 0.0088142 0.0058206 0.0088142 0.0058206 0.0117303 0.0384076 0.0117624 0.0058206 0.0384076 0.0058206 0.0243857 0.0243857 0.1546541 0.1557022 0.1606159 0.1499826 0.1503809 0.1643498 0.1511714 0.1499826 0.1494484 0.1648321 0.1458361 0.1535227 0.1642426 0.1540840 0.1594589 0.2091527 0.1878920 0.1993712 0.2039970 0.2085749 0.2085749 0.1585486 
PanPan_chrX_LOC117978534_10466669_Q21A_C34_t                        0.0668250 0.0668250 0.0708222 0.0667808 0.0447310 0.0412850 0.0377213 0.0521457 0.0554344 0.0554344 0.0028919 0.0000010 0.0000010 0.0000010 0.0000010 0.0000010 0.0247733 0.0247733 0.0247733 0.0028919 0.0000000 0.0000010 0.0000010 0.0029014 0.0000010 0.0000010 0.0149901 0.0149901 0.0058388 0.0058388 0.0028919 0.0058388 0.0028919 0.0087436 0.0349910 0.0087674 0.0028919 0.0349910 0.0028919 0.0212060 0.0212060 0.1499826 0.1509905 0.1558747 0.1453513 0.1457260 0.1595806 0.1465193 0.1453513 0.1448303 0.1600470 0.1412184 0.1488693 0.1594869 0.1494116 0.1547344 0.2039649 0.1829274 0.1942893 0.1988653 0.2033946 0.2033946 0.1538274 
PanPan_chrX_LOC117978565_9765638_Q22A_C5_-                          0.0668250 0.0668250 0.0708222 0.0667808 0.0447310 0.0412850 0.0377213 0.0521457 0.0554344 0.0554344 0.0028919 0.0000010 0.0000010 0.0000010 0.0000010 0.0000010 0.0247733 0.0247733 0.0247733 0.0028919 0.0000010 0.0000000 0.0000010 0.0029014 0.0000010 0.0000010 0.0149901 0.0149901 0.0058388 0.0058388 0.0028919 0.0058388 0.0028919 0.0087436 0.0349910 0.0087674 0.0028919 0.0349910 0.0028919 0.0212060 0.0212060 0.1499826 0.1509905 0.1558747 0.1453513 0.1457260 0.1595806 0.1465193 0.1453513 0.1448303 0.1600470 0.1412184 0.1488693 0.1594869 0.1494116 0.1547344 0.2039649 0.1829274 0.1942893 0.1988653 0.2033946 0.2033946 0.1538274 
PanPan_chrX_LOC117978593_8088603_nonP-closest-Q22B-at-196011_nonC_- 0.0668250 0.0668250 0.0708222 0.0667808 0.0447310 0.0412850 0.0377213 0.0521457 0.0554344 0.0554344 0.0028919 0.0000010 0.0000010 0.0000010 0.0000010 0.0000010 0.0247733 0.0247733 0.0247733 0.0028919 0.0000010 0.0000010 0.0000000 0.0029014 0.0000010 0.0000010 0.0149901 0.0149901 0.0058388 0.0058388 0.0028919 0.0058388 0.0028919 0.0087436 0.0349910 0.0087674 0.0028919 0.0349910 0.0028919 0.0212060 0.0212060 0.1499826 0.1509905 0.1558747 0.1453513 0.1457260 0.1595806 0.1465193 0.1453513 0.1448303 0.1600470 0.1412184 0.1488693 0.1594869 0.1494116 0.1547344 0.2039649 0.1829274 0.1942893 0.1988653 0.2033946 0.2033946 0.1538274 
PanPan_chrX_LOC117978595_8069138_nonP-closest-Q22B-at-256144_nonC_- 0.0708372 0.0708372 0.0749017 0.0707899 0.0483884 0.0448906 0.0412592 0.0559391 0.0592578 0.0592578 0.0058388 0.0029014 0.0029014 0.0029014 0.0029014 0.0029014 0.0214565 0.0214565 0.0214565 0.0058388 0.0029014 0.0029014 0.0029014 0.0000000 0.0029014 0.0029014 0.0181617 0.0181617 0.0088435 0.0088435 0.0058388 0.0088435 0.0058388 0.0117692 0.0314862 0.0118015 0.0058388 0.0314862 0.0058388 0.0244697 0.0244697 0.1552039 0.1562587 0.1611841 0.1505194 0.1509211 0.1649275 0.1517127 0.1505194 0.1499826 0.1654125 0.1463635 0.1540686 0.1648185 0.1546331 0.1600232 0.2098356 0.1885260 0.2000321 0.2046690 0.2092566 0.2092566 0.1591110 
PanPan_chrX_LOC117978598_9472781_Q1.1A_C39_t                        0.0668250 0.0668250 0.0708222 0.0667808 0.0447310 0.0412850 0.0377213 0.0521457 0.0554344 0.0554344 0.0028919 0.0000010 0.0000010 0.0000010 0.0000010 0.0000010 0.0247733 0.0247733 0.0247733 0.0028919 0.0000010 0.0000010 0.0000010 0.0029014 0.0000000 0.0000010 0.0149901 0.0149901 0.0058388 0.0058388 0.0028919 0.0058388 0.0028919 0.0087436 0.0349910 0.0087674 0.0028919 0.0349910 0.0028919 0.0212060 0.0212060 0.1499826 0.1509905 0.1558747 0.1453513 0.1457260 0.1595806 0.1465193 0.1453513 0.1448303 0.1600470 0.1412184 0.1488693 0.1594869 0.1494116 0.1547344 0.2039649 0.1829274 0.1942893 0.1988653 0.2033946 0.2033946 0.1538274 
PanPan_chrX_LOC129395258_10148068_Q21B_C34_t                        0.0668250 0.0668250 0.0708222 0.0667808 0.0447310 0.0412850 0.0377213 0.0521457 0.0554344 0.0554344 0.0028919 0.0000010 0.0000010 0.0000010 0.0000010 0.0000010 0.0247733 0.0247733 0.0247733 0.0028919 0.0000010 0.0000010 0.0000010 0.0029014 0.0000010 0.0000000 0.0149901 0.0149901 0.0058388 0.0058388 0.0028919 0.0058388 0.0028919 0.0087436 0.0349910 0.0087674 0.0028919 0.0349910 0.0028919 0.0212060 0.0212060 0.1499826 0.1509905 0.1558747 0.1453513 0.1457260 0.1595806 0.1465193 0.1453513 0.1448303 0.1600470 0.1412184 0.1488693 0.1594869 0.1494116 0.1547344 0.2039649 0.1829274 0.1942893 0.1988653 0.2033946 0.2033946 0.1538274 
PanPan_chrY_LOC129395529_39738987_Q3B_C37_-                         0.0628524 0.0628524 0.0667808 0.0628112 0.0411194 0.0377262 0.0342308 0.0483962 0.0481053 0.0481053 0.0181000 0.0149901 0.0149901 0.0149901 0.0149901 0.0149901 0.0150163 0.0150163 0.0150163 0.0181000 0.0149901 0.0149901 0.0149901 0.0181617 0.0149901 0.0149901 0.0000000 0.0000010 0.0088435 0.0088435 0.0119109 0.0088435 0.0119109 0.0180031 0.0246770 0.0118015 0.0119109 0.0246770 0.0119109 0.0179938 0.0179938 0.1446563 0.1456161 0.1504506 0.1400847 0.1268049 0.1541148 0.1412243 0.1400847 0.1395809 0.1545621 0.1224696 0.1435680 0.1540362 0.1440873 0.1493339 0.1980679 0.1773175 0.1885260 0.1930384 0.1975059 0.1975059 0.1346144 
PanPan_chrY_LOC129395709_39815205_Q3A_C37_t                         0.0628524 0.0628524 0.0667808 0.0628112 0.0411194 0.0377262 0.0342308 0.0483962 0.0481053 0.0481053 0.0181000 0.0149901 0.0149901 0.0149901 0.0149901 0.0149901 0.0150163 0.0150163 0.0150163 0.0181000 0.0149901 0.0149901 0.0149901 0.0181617 0.0149901 0.0149901 0.0000010 0.0000000 0.0088435 0.0088435 0.0119109 0.0088435 0.0119109 0.0180031 0.0246770 0.0118015 0.0119109 0.0246770 0.0119109 0.0179938 0.0179938 0.1446563 0.1456161 0.1504506 0.1400847 0.1268049 0.1541148 0.1412243 0.1400847 0.1395809 0.1545621 0.1224696 0.1435680 0.1540362 0.1440873 0.1493339 0.1980679 0.1773175 0.1885260 0.1930384 0.1975059 0.1975059 0.1346144 
PanTro_chrX_LOC100610512_8990715_nonP-closest-Q1.1B-at-37_nonC_t    0.0591529 0.0591529 0.0630268 0.0591144 0.0377029 0.0343506 0.0309104 0.0448690 0.0481053 0.0481053 0.0088142 0.0058388 0.0058388 0.0058388 0.0058388 0.0058388 0.0246747 0.0246747 0.0246747 0.0088142 0.0058388 0.0058388 0.0058388 0.0088435 0.0058388 0.0058388 0.0088435 0.0088435 0.0000000 0.0000010 0.0028998 0.0000010 0.0028998 0.0087674 0.0281449 0.0028734 0.0028998 0.0281449 0.0028998 0.0211231 0.0211231 0.1400847 0.1410063 0.1458083 0.1355533 0.1358801 0.1494465 0.1366702 0.1355533 0.1350632 0.1498788 0.1314662 0.1390164 0.1493803 0.1395176 0.1447103 0.1928361 0.1723268 0.1834069 0.1878662 0.1922833 0.1922833 0.1438187 
PanTro_chrX_LOC107971192_9010036_nonP-closest-Q1.2B-at-7532_nonC_t  0.0591529 0.0591529 0.0630268 0.0591144 0.0377029 0.0343506 0.0309104 0.0448690 0.0481053 0.0481053 0.0088142 0.0058388 0.0058388 0.0058388 0.0058388 0.0058388 0.0246747 0.0246747 0.0246747 0.0088142 0.0058388 0.0058388 0.0058388 0.0088435 0.0058388 0.0058388 0.0088435 0.0088435 0.0000010 0.0000000 0.0028998 0.0000010 0.0028998 0.0087674 0.0281449 0.0028734 0.0028998 0.0281449 0.0028998 0.0211231 0.0211231 0.1400847 0.1410063 0.1458083 0.1355533 0.1358801 0.1494465 0.1366702 0.1355533 0.1350632 0.1498788 0.1314662 0.1390164 0.1493803 0.1395176 0.1447103 0.1928361 0.1723268 0.1834069 0.1878662 0.1922833 0.1922833 0.1438187 
PanTro_chrX_LOC112206844_6995002_nonP-closest-Q14A-at-350124_nonC_- 0.0630683 0.0630683 0.0670107 0.0630268 0.0412592 0.0378543 0.0343464 0.0485622 0.0518300 0.0518300 0.0058206 0.0028919 0.0028919 0.0028919 0.0028919 0.0028919 0.0280435 0.0280435 0.0280435 0.0058206 0.0028919 0.0028919 0.0028919 0.0058388 0.0028919 0.0028919 0.0119109 0.0119109 0.0028998 0.0028998 0.0000000 0.0028998 0.0000010 0.0057899 0.0315942 0.0058056 0.0000010 0.0315942 0.0000010 0.0243857 0.0243857 0.1452422 0.1462091 0.1510586 0.1406548 0.1410063 0.1547344 0.1417998 0.1406548 0.1401480 0.1551847 0.1365396 0.1441489 0.1546541 0.1446718 0.1499371 0.1986668 0.1778704 0.1891045 0.1936267 0.1981040 0.1981040 0.1490352 
PanTro_chrX_LOC112206878_9333745_nonP-closest-Q12.1B-at-8283_nonC_t 0.0591529 0.0591529 0.0630268 0.0591144 0.0377029 0.0343506 0.0309104 0.0448690 0.0481053 0.0481053 0.0088142 0.0058388 0.0058388 0.0058388 0.0058388 0.0058388 0.0246747 0.0246747 0.0246747 0.0088142 0.0058388 0.0058388 0.0058388 0.0088435 0.0058388 0.0058388 0.0088435 0.0088435 0.0000010 0.0000010 0.0028998 0.0000000 0.0028998 0.0087674 0.0281449 0.0028734 0.0028998 0.0281449 0.0028998 0.0211231 0.0211231 0.1400847 0.1410063 0.1458083 0.1355533 0.1358801 0.1494465 0.1366702 0.1355533 0.1350632 0.1498788 0.1314662 0.1390164 0.1493803 0.1395176 0.1447103 0.1928361 0.1723268 0.1834069 0.1878662 0.1922833 0.1922833 0.1438187 
PanTro_chrX_LOC112206920_8675543_nonP-closest-Q1.2A-at-1033_nonC_-  0.0630683 0.0630683 0.0670107 0.0630268 0.0412592 0.0378543 0.0343464 0.0485622 0.0518300 0.0518300 0.0058206 0.0028919 0.0028919 0.0028919 0.0028919 0.0028919 0.0280435 0.0280435 0.0280435 0.0058206 0.0028919 0.0028919 0.0028919 0.0058388 0.0028919 0.0028919 0.0119109 0.0119109 0.0028998 0.0028998 0.0000010 0.0028998 0.0000000 0.0057899 0.0315942 0.0058056 0.0000010 0.0315942 0.0000010 0.0243857 0.0243857 0.1452422 0.1462091 0.1510586 0.1406548 0.1410063 0.1547344 0.1417998 0.1406548 0.1401480 0.1551847 0.1365396 0.1441489 0.1546541 0.1446718 0.1499371 0.1986668 0.1778704 0.1891045 0.1936267 0.1981040 0.1981040 0.1490352 
PanTro_chrX_LOC112206942_8297431_Q13.2A_C30_t                       0.0702220 0.0702220 0.0742533 0.0701754 0.0479624 0.0444947 0.0408962 0.0554460 0.0587395 0.0587395 0.0117303 0.0087436 0.0087436 0.0087436 0.0087436 0.0087436 0.0345353 0.0345353 0.0345353 0.0117303 0.0087436 0.0087436 0.0087436 0.0117692 0.0087436 0.0087436 0.0180031 0.0180031 0.0087674 0.0087674 0.0057899 0.0087674 0.0057899 0.0000000 0.0382005 0.0117002 0.0057899 0.0382005 0.0057899 0.0307141 0.0307141 0.1540686 0.1551119 0.1600232 0.1494020 0.1497972 0.1637546 0.1505883 0.1494020 0.1488693 0.1642353 0.1452574 0.1529391 0.1636490 0.1534982 0.1588677 0.2085503 0.1872902 0.1987683 0.2033946 0.2079724 0.2079724 0.1579576 
PanTro_chrX_LOC112207729_8647049_nonP-closest-Q1.2A-at-15780_nonC_- 0.0708350 0.0708350 0.0749007 0.0707877 0.0559229 0.0448827 0.0412509 0.0483888 0.0555923 0.0555923 0.0384076 0.0349910 0.0349910 0.0349910 0.0349910 0.0349910 0.0149102 0.0149102 0.0149102 0.0384076 0.0349910 0.0349910 0.0349910 0.0314862 0.0349910 0.0349910 0.0246770 0.0246770 0.0281449 0.0281449 0.0315942 0.0281449 0.0315942 0.0382005 0.0000000 0.0312966 0.0315942 0.0000010 0.0315942 0.0308544 0.0308544 0.1345329 0.1354050 0.1295506 0.1198218 0.1253909 0.1330588 0.1208378 0.1198218 0.1193876 0.1334351 0.1211001 0.1334948 0.1330328 0.1236091 0.1285402 0.1930127 0.1724830 0.1835732 0.1880380 0.1924593 0.1924593 0.1336975 
PanTro_chrX_LOC112207788_6977345_nonP-closest-Q14A-at-332467_nonC_- 0.0624886 0.0624886 0.0663960 0.0624479 0.0408765 0.0375028 0.0340283 0.0481105 0.0513514 0.0513514 0.0117624 0.0087674 0.0087674 0.0087674 0.0087674 0.0087674 0.0277812 0.0277812 0.0277812 0.0117624 0.0087674 0.0087674 0.0087674 0.0118015 0.0087674 0.0087674 0.0118015 0.0118015 0.0028734 0.0028734 0.0058056 0.0028734 0.0058056 0.0117002 0.0312966 0.0000000 0.0058056 0.0312966 0.0058056 0.0241610 0.0241610 0.1440836 0.1450385 0.1498686 0.1395184 0.1398635 0.1535295 0.1406548 0.1395184 0.1390164 0.1539751 0.1354188 0.1429979 0.1534526 0.1435149 0.1487541 0.1973064 0.1765830 0.1877764 0.1922833 0.1967468 0.1967468 0.1478570 
PanTro_chrX_LOC112207919_9576455_Q12.1A_C17_t                       0.0630683 0.0630683 0.0670107 0.0630268 0.0412592 0.0378543 0.0343464 0.0485622 0.0518300 0.0518300 0.0058206 0.0028919 0.0028919 0.0028919 0.0028919 0.0028919 0.0280435 0.0280435 0.0280435 0.0058206 0.0028919 0.0028919 0.0028919 0.0058388 0.0028919 0.0028919 0.0119109 0.0119109 0.0028998 0.0028998 0.0000010 0.0028998 0.0000010 0.0057899 0.0315942 0.0058056 0.0000000 0.0315942 0.0000010 0.0243857 0.0243857 0.1452422 0.1462091 0.1510586 0.1406548 0.1410063 0.1547344 0.1417998 0.1406548 0.1401480 0.1551847 0.1365396 0.1441489 0.1546541 0.1446718 0.1499371 0.1986668 0.1778704 0.1891045 0.1936267 0.1981040 0.1981040 0.1490352 
PanTro_chrX_LOC112207987_8694363_nonP-closest-Q1.2A-at-19853_nonC_- 0.0708350 0.0708350 0.0749007 0.0707877 0.0559229 0.0448827 0.0412509 0.0483888 0.0555923 0.0555923 0.0384076 0.0349910 0.0349910 0.0349910 0.0349910 0.0349910 0.0149102 0.0149102 0.0149102 0.0384076 0.0349910 0.0349910 0.0349910 0.0314862 0.0349910 0.0349910 0.0246770 0.0246770 0.0281449 0.0281449 0.0315942 0.0281449 0.0315942 0.0382005 0.0000010 0.0312966 0.0315942 0.0000000 0.0315942 0.0308544 0.0308544 0.1345329 0.1354050 0.1295506 0.1198218 0.1253909 0.1330588 0.1208378 0.1198218 0.1193876 0.1334351 0.1211001 0.1334948 0.1330328 0.1236091 0.1285402 0.1930127 0.1724830 0.1835732 0.1880380 0.1924593 0.1924593 0.1336975 
PanTro_chrX_LOC129138886_8628177_nonP-closest-Q1.1A-at-813_nonC_-   0.0630683 0.0630683 0.0670107 0.0630268 0.0412592 0.0378543 0.0343464 0.0485622 0.0518300 0.0518300 0.0058206 0.0028919 0.0028919 0.0028919 0.0028919 0.0028919 0.0280435 0.0280435 0.0280435 0.0058206 0.0028919 0.0028919 0.0028919 0.0058388 0.0028919 0.0028919 0.0119109 0.0119109 0.0028998 0.0028998 0.0000010 0.0028998 0.0000010 0.0057899 0.0315942 0.0058056 0.0000010 0.0315942 0.0000000 0.0243857 0.0243857 0.1452422 0.1462091 0.1510586 0.1406548 0.1410063 0.1547344 0.1417998 0.1406548 0.1401480 0.1551847 0.1365396 0.1441489 0.1546541 0.1446718 0.1499371 0.1986668 0.1778704 0.1891045 0.1936267 0.1981040 0.1981040 0.1490352 
PanTro_chrY_LOC742075_28834975_Q3B_nonC_-                           0.0701901 0.0701901 0.0742197 0.0701436 0.0407391 0.0373769 0.0339147 0.0479473 0.0511779 0.0511779 0.0243857 0.0212060 0.0212060 0.0212060 0.0212060 0.0212060 0.0278779 0.0278779 0.0278779 0.0243857 0.0212060 0.0212060 0.0212060 0.0244697 0.0212060 0.0212060 0.0179938 0.0179938 0.0211231 0.0211231 0.0243857 0.0211231 0.0243857 0.0307141 0.0308544 0.0241610 0.0243857 0.0308544 0.0243857 0.0000000 0.0000010 0.1529550 0.1539851 0.1477137 0.1375064 0.1244190 0.1513314 0.1386227 0.1375064 0.1370147 0.1517659 0.1201505 0.1518349 0.1512609 0.1414499 0.1466181 0.1967112 0.1760327 0.1872008 0.1916975 0.1961520 0.1961520 0.1381172 
PanTro_chrY_LOC742119_28926390_Q3A_nonC_t                           0.0701901 0.0701901 0.0742197 0.0701436 0.0407391 0.0373769 0.0339147 0.0479473 0.0511779 0.0511779 0.0243857 0.0212060 0.0212060 0.0212060 0.0212060 0.0212060 0.0278779 0.0278779 0.0278779 0.0243857 0.0212060 0.0212060 0.0212060 0.0244697 0.0212060 0.0212060 0.0179938 0.0179938 0.0211231 0.0211231 0.0243857 0.0211231 0.0243857 0.0307141 0.0308544 0.0241610 0.0243857 0.0308544 0.0243857 0.0000010 0.0000000 0.1529550 0.1539851 0.1477137 0.1375064 0.1244190 0.1513314 0.1386227 0.1375064 0.1370147 0.1517659 0.1201505 0.1518349 0.1512609 0.1414499 0.1466181 0.1967112 0.1760327 0.1872008 0.1916975 0.1961520 0.1961520 0.1381172 
PonAbe_chrX_LOC100437634_6533211_nonP-closest-Q2A-at-826049_nonC_-  0.1441389 0.1441389 0.1446136 0.1394772 0.1268187 0.1215530 0.1166998 0.1259688 0.1078550 0.1078550 0.1452422 0.1499826 0.1499826 0.1499826 0.1499826 0.1499826 0.1389951 0.1389951 0.1389951 0.1546541 0.1499826 0.1499826 0.1499826 0.1552039 0.1499826 0.1499826 0.1446563 0.1446563 0.1400847 0.1400847 0.1452422 0.1400847 0.1452422 0.1540686 0.1345329 0.1440836 0.1452422 0.1345329 0.1452422 0.1529550 0.1529550 0.0000000 0.0150278 0.0087927 0.0087974 0.0311776 0.0117028 0.0118493 0.0087974 0.0118493 0.0117348 0.0246317 0.0087171 0.0179385 0.0148748 0.0087174 0.2061498 0.1848828 0.1963678 0.1893845 0.1938434 0.1938434 0.1139330 
PonAbe_chrX_LOC100439576_7795223_nonP-closest-Q2B-at-357873_nonC_t  0.1450925 0.1450925 0.1455728 0.1403913 0.1276313 0.1223208 0.1174279 0.1267714 0.1085152 0.1085152 0.1462091 0.1509905 0.1509905 0.1509905 0.1509905 0.1509905 0.1399036 0.1399036 0.1399036 0.1557022 0.1509905 0.1509905 0.1509905 0.1562587 0.1509905 0.1509905 0.1456161 0.1456161 0.1410063 0.1410063 0.1462091 0.1410063 0.1462091 0.1551119 0.1354050 0.1450385 0.1462091 0.1354050 0.1462091 0.1539851 0.1539851 0.0150278 0.0000000 0.0182830 0.0119464 0.0310654 0.0212892 0.0150869 0.0119464 0.0088735 0.0213484 0.0213421 0.0118427 0.0213184 0.0118823 0.0181222 0.2030737 0.1818082 0.1932931 0.1863075 0.1907665 0.1907665 0.1146489 
PonAbe_chrX_LOC100440314_8475594_nonP-closest-Q2B-at-1038244_nonC_t 0.1499142 0.1499142 0.1504057 0.1451762 0.1278448 0.1225364 0.1176443 0.1269847 0.1129942 0.1129942 0.1510586 0.1558747 0.1558747 0.1558747 0.1558747 0.1558747 0.1446762 0.1446762 0.1446762 0.1606159 0.1558747 0.1558747 0.1558747 0.1611841 0.1558747 0.1558747 0.1504506 0.1504506 0.1458083 0.1458083 0.1510586 0.1458083 0.1510586 0.1600232 0.1295506 0.1498686 0.1510586 0.1295506 0.1510586 0.1477137 0.1477137 0.0087927 0.0182830 0.0000000 0.0058057 0.0277769 0.0086891 0.0087972 0.0058057 0.0087972 0.0087128 0.0213341 0.0117800 0.0147987 0.0117800 0.0057533 0.2129461 0.1913384 0.2030053 0.1959164 0.2004480 0.2004480 0.1192514 
PonAbe_chrX_LOC100937424_8171110_nonP-closest-Q2B-at-733760_nonC_-  0.1395809 0.1395809 0.1400436 0.1349633 0.1224121 0.1172129 0.1124175 0.1215872 0.1036641 0.1036641 0.1406548 0.1453513 0.1453513 0.1453513 0.1453513 0.1453513 0.1344940 0.1344940 0.1344940 0.1499826 0.1453513 0.1453513 0.1453513 0.1505194 0.1453513 0.1453513 0.1400847 0.1400847 0.1355533 0.1355533 0.1406548 0.1355533 0.1406548 0.1494020 0.1198218 0.1395184 0.1406548 0.1198218 0.1406548 0.1375064 0.1375064 0.0087974 0.0119464 0.0058057 0.0000000 0.0211760 0.0086937 0.0028744 0.0000010 0.0028744 0.0087174 0.0149366 0.0117862 0.0087062 0.0057752 0.0057564 0.2009567 0.1799124 0.1912797 0.1843657 0.1887777 0.1887777 0.1096240 
PonAbe_chrX_LOC103889008_7823815_nonP-closest-Q2B-at-386465_nonC_t  0.1353871 0.1353871 0.1358403 0.1307930 0.1182972 0.1131443 0.1083890 0.1174935 0.0996978 0.0996978 0.1410063 0.1457260 0.1457260 0.1457260 0.1457260 0.1457260 0.1312502 0.1312502 0.1312502 0.1503809 0.1457260 0.1457260 0.1457260 0.1509211 0.1457260 0.1457260 0.1268049 0.1268049 0.1358801 0.1358801 0.1410063 0.1358801 0.1410063 0.1497972 0.1253909 0.1398635 0.1410063 0.1253909 0.1410063 0.1244190 0.1244190 0.0311776 0.0310654 0.0277769 0.0211760 0.0000000 0.0308025 0.0244494 0.0211760 0.0211041 0.0308873 0.0087858 0.0309026 0.0308416 0.0242216 0.0275329 0.2016844 0.1804880 0.1919348 0.1849723 0.1894153 0.1894153 0.1020600 
PonAbe_chrX_LOC129052884_8480677_nonP-closest-Q2B-at-1043327_nonC_t 0.1441915 0.1441915 0.1446675 0.1395184 0.1358835 0.1304689 0.1254857 0.1349811 0.1164342 0.1164342 0.1547344 0.1595806 0.1595806 0.1595806 0.1595806 0.1595806 0.1482924 0.1482924 0.1482924 0.1643498 0.1595806 0.1595806 0.1595806 0.1649275 0.1595806 0.1595806 0.1541148 0.1541148 0.1494465 0.1494465 0.1547344 0.1494465 0.1547344 0.1637546 0.1330588 0.1535295 0.1547344 0.1330588 0.1547344 0.1513314 0.1513314 0.0117028 0.0212892 0.0086891 0.0086937 0.0308025 0.0000000 0.0117089 0.0086937 0.0117089 0.0115971 0.0243353 0.0146987 0.0116643 0.0146987 0.0086156 0.2171273 0.1953194 0.2070889 0.1999407 0.2045149 0.2045149 0.1227694 
PonAbe_chrX_LOC134102853_6528276_nonP-closest-Q2A-at-831108_nonC_-  0.1407157 0.1407157 0.1411826 0.1360741 0.1273405 0.1220532 0.1171804 0.1264854 0.1083009 0.1083009 0.1417998 0.1465193 0.1465193 0.1465193 0.1465193 0.1465193 0.1356002 0.1356002 0.1356002 0.1511714 0.1465193 0.1465193 0.1465193 0.1517127 0.1465193 0.1465193 0.1412243 0.1412243 0.1366702 0.1366702 0.1417998 0.1366702 0.1417998 0.1505883 0.1208378 0.1406548 0.1417998 0.1208378 0.1417998 0.1386227 0.1386227 0.0118493 0.0150869 0.0087972 0.0028744 0.0244494 0.0117089 0.0000000 0.0028744 0.0058087 0.0117410 0.0181079 0.0148828 0.0117256 0.0087504 0.0087219 0.2023356 0.1812228 0.1926280 0.1856922 0.1901192 0.1901192 0.1144089 
PonPyg_chrX_LOC129024423_8568118_nonP-closest-Q2B-at-1256088_nonC_- 0.1395809 0.1395809 0.1400436 0.1349633 0.1224121 0.1172129 0.1124175 0.1215872 0.1036641 0.1036641 0.1406548 0.1453513 0.1453513 0.1453513 0.1453513 0.1453513 0.1344940 0.1344940 0.1344940 0.1499826 0.1453513 0.1453513 0.1453513 0.1505194 0.1453513 0.1453513 0.1400847 0.1400847 0.1355533 0.1355533 0.1406548 0.1355533 0.1406548 0.1494020 0.1198218 0.1395184 0.1406548 0.1198218 0.1406548 0.1375064 0.1375064 0.0087974 0.0119464 0.0058057 0.0000010 0.0211760 0.0086937 0.0028744 0.0000000 0.0028744 0.0087174 0.0149366 0.0117862 0.0087062 0.0057752 0.0057564 0.2009567 0.1799124 0.1912797 0.1843657 0.1887777 0.1887777 0.1096240 
PonPyg_chrX_LOC129024424_8317228_nonP-closest-Q2B-at-1005198_nonC_t 0.1390795 0.1390795 0.1395400 0.1344764 0.1219642 0.1167841 0.1120060 0.1211438 0.1032834 0.1032834 0.1401480 0.1448303 0.1448303 0.1448303 0.1448303 0.1448303 0.1340094 0.1340094 0.1340094 0.1494484 0.1448303 0.1448303 0.1448303 0.1499826 0.1448303 0.1448303 0.1395809 0.1395809 0.1350632 0.1350632 0.1401480 0.1350632 0.1401480 0.1488693 0.1193876 0.1390164 0.1401480 0.1193876 0.1401480 0.1370147 0.1370147 0.0118493 0.0088735 0.0087972 0.0028744 0.0211041 0.0117089 0.0058087 0.0028744 0.0000000 0.0117410 0.0118344 0.0087554 0.0117256 0.0028603 0.0087219 0.2002875 0.1792955 0.1906341 0.1837370 0.1881375 0.1881375 0.1092170 
PonPyg_chrX_LOC129024426_8573872_nonP-closest-Q2B-at-1261842_nonC_- 0.1540134 0.1540134 0.1545157 0.1492308 0.1362724 0.1308399 0.1258407 0.1353659 0.1167619 0.1167619 0.1551847 0.1600470 0.1600470 0.1600470 0.1600470 0.1600470 0.1487193 0.1487193 0.1487193 0.1648321 0.1600470 0.1600470 0.1600470 0.1654125 0.1600470 0.1600470 0.1545621 0.1545621 0.1498788 0.1498788 0.1551847 0.1498788 0.1551847 0.1642353 0.1334351 0.1539751 0.1551847 0.1334351 0.1551847 0.1517659 0.1517659 0.0117348 0.0213484 0.0087128 0.0087174 0.0308873 0.0115971 0.0117410 0.0087174 0.0117410 0.0000000 0.0244025 0.0147389 0.0177745 0.0087974 0.0086390 0.2124853 0.1908145 0.2025123 0.1954034 0.1999474 0.1999474 0.1231207 
PonPyg_chrX_LOC129024528_8231144_nonP-closest-Q2B-at-919114_nonC_t  0.1309867 0.1309867 0.1314280 0.1264339 0.1140361 0.1089470 0.1042467 0.1132573 0.0956422 0.0956422 0.1365396 0.1412184 0.1412184 0.1412184 0.1412184 0.1412184 0.1268778 0.1268778 0.1268778 0.1458361 0.1412184 0.1412184 0.1412184 0.1463635 0.1412184 0.1412184 0.1224696 0.1224696 0.1314662 0.1314662 0.1365396 0.1314662 0.1365396 0.1452574 0.1211001 0.1354188 0.1365396 0.1211001 0.1365396 0.1201505 0.1201505 0.0246317 0.0213421 0.0213341 0.0149366 0.0087858 0.0243353 0.0181079 0.0149366 0.0118344 0.0244025 0.0000000 0.0212291 0.0243677 0.0148565 0.0211472 0.1966579 0.1756695 0.1870053 0.1801086 0.1845085 0.1845085 0.1021339 
PonPyg_chrX_LOC129024577_6920320_nonP-closest-Q2A-at-313635_nonC_-  0.1430548 0.1430548 0.1435257 0.1384143 0.1258159 0.1205823 0.1157590 0.1249743 0.1069685 0.1069685 0.1441489 0.1488693 0.1488693 0.1488693 0.1488693 0.1488693 0.1379363 0.1379363 0.1379363 0.1535227 0.1488693 0.1488693 0.1488693 0.1540686 0.1488693 0.1488693 0.1435680 0.1435680 0.1390164 0.1390164 0.1441489 0.1390164 0.1441489 0.1529391 0.1334948 0.1429979 0.1441489 0.1334948 0.1441489 0.1518349 0.1518349 0.0087171 0.0118427 0.0117800 0.0117862 0.0309026 0.0146987 0.0148828 0.0117862 0.0087554 0.0147389 0.0212291 0.0000000 0.0210287 0.0117237 0.0116790 0.2048635 0.1836492 0.1951043 0.1881375 0.1925851 0.1925851 0.1129968 
PonPyg_chrX_LOC129024578_6925385_nonP-closest-Q2A-at-308555_nonC_-  0.1441389 0.1441389 0.1446136 0.1394772 0.1358507 0.1304484 0.1254757 0.1349505 0.1164415 0.1164415 0.1546541 0.1594869 0.1594869 0.1594869 0.1594869 0.1594869 0.1482295 0.1482295 0.1482295 0.1642426 0.1594869 0.1594869 0.1594869 0.1648185 0.1594869 0.1594869 0.1540362 0.1540362 0.1493803 0.1493803 0.1546541 0.1493803 0.1546541 0.1636490 0.1330328 0.1534526 0.1546541 0.1330328 0.1546541 0.1512609 0.1512609 0.0179385 0.0213184 0.0147987 0.0087062 0.0308416 0.0116643 0.0117256 0.0087062 0.0117256 0.0177745 0.0243677 0.0210287 0.0000000 0.0147193 0.0146717 0.2168523 0.1951161 0.2068464 0.1997221 0.2042805 0.2042805 0.1227647 
PonPyg_chrX_LOC129025355_8202586_nonP-closest-Q2B-at-890556_nonC_t  0.1435711 0.1435711 0.1440448 0.1389118 0.1262650 0.1210097 0.1161670 0.1254184 0.1073432 0.1073432 0.1446718 0.1494116 0.1494116 0.1494116 0.1494116 0.1494116 0.1384311 0.1384311 0.1384311 0.1540840 0.1494116 0.1494116 0.1494116 0.1546331 0.1494116 0.1494116 0.1440873 0.1440873 0.1395176 0.1395176 0.1446718 0.1395176 0.1446718 0.1534982 0.1236091 0.1435149 0.1446718 0.1236091 0.1446718 0.1414499 0.1414499 0.0148748 0.0118823 0.0117800 0.0057752 0.0242216 0.0146987 0.0087504 0.0057752 0.0028603 0.0087974 0.0148565 0.0117237 0.0147193 0.0000000 0.0116790 0.2056661 0.1843460 0.1958569 0.1888567 0.1933258 0.1933258 0.1133994 
PonPyg_chrX_LOC134102852_8883152_nonP-closest-Q2B-at-1571122_nonC_t 0.1488016 0.1488016 0.1492894 0.1440836 0.1312871 0.1259439 0.1210233 0.1304104 0.1120715 0.1120715 0.1499371 0.1547344 0.1547344 0.1547344 0.1547344 0.1547344 0.1435877 0.1435877 0.1435877 0.1594589 0.1547344 0.1547344 0.1547344 0.1600232 0.1547344 0.1547344 0.1493339 0.1493339 0.1447103 0.1447103 0.1499371 0.1447103 0.1499371 0.1588677 0.1285402 0.1487541 0.1499371 0.1285402 0.1499371 0.1466181 0.1466181 0.0087174 0.0181222 0.0057533 0.0057564 0.0275329 0.0086156 0.0087219 0.0057564 0.0087219 0.0086390 0.0211472 0.0116790 0.0146717 0.0116790 0.0000000 0.2116472 0.1900855 0.2017259 0.1946515 0.1991728 0.1991728 0.1182792 
SymSyn_chrX_LOC129475165_21983856_Q6.9B_nonC_t                      0.1649512 0.1649512 0.1654738 0.1601164 0.1810065 0.1652114 0.1597990 0.1700424 0.1703307 0.1703307 0.1986668 0.2039649 0.2039649 0.2039649 0.2039649 0.2039649 0.1980318 0.1980318 0.1980318 0.2091527 0.2039649 0.2039649 0.2039649 0.2098356 0.2039649 0.2039649 0.1980679 0.1980679 0.1928361 0.1928361 0.1986668 0.1928361 0.1986668 0.2085503 0.1930127 0.1973064 0.1986668 0.1930127 0.1986668 0.1967112 0.1967112 0.2061498 0.2030737 0.2129461 0.2009567 0.2016844 0.2171273 0.2023356 0.2009567 0.2002875 0.2124853 0.1966579 0.2048635 0.2168523 0.2056661 0.2116472 0.0000000 0.0144390 0.0114001 0.0203706 0.0233039 0.0233039 0.1796454 
