7
HomSap_chrY_HSFY1_19436129_Q5A_nonC_t                                  0.0000000 0.0418608 0.0387734 0.0418805 0.0176156 0.0146544 0.0206151 
PonPyg_chrY_LOC129025837_31859828_nonP-closest-Q14A-at-123709_nonC_-   0.0418608 0.0000000 0.0029039 0.0387351 0.0479482 0.0448728 0.0448728 
PonPyg_chrY_LOC129025904_30564830_nonP-closest-Q12B-at-128475_nonC_t   0.0387734 0.0029039 0.0000000 0.0387351 0.0448383 0.0417770 0.0479820 
SymSyn_chrY_LOC129476741_21345383_Q6.5B_nonC_t                         0.0418805 0.0387351 0.0387351 0.0000000 0.0479711 0.0448941 0.0480049 
GorGor_chrY_LOC129530208_41620825_nonP-closest-Q17.1A-at-287859_nonC_t 0.0176156 0.0479482 0.0448383 0.0479711 0.0000000 0.0029007 0.0087455 
GorGor_chrY_LOC129530236_19044257_nonP-closest-Q8B-at-70837_nonC_-     0.0146544 0.0448728 0.0417770 0.0448941 0.0029007 0.0000000 0.0058206 
GorGor_chrY_LOC129530237_18802999_nonP-closest-Q8A-at-72618_nonC_t     0.0206151 0.0448728 0.0479820 0.0480049 0.0087455 0.0058206 0.0000000 
