34
GorGor_chrY_LOC129530301-exPG_16914474_nonP-closest-Q4.A-at-199039_nonC_t 0.0000000 0.0050765 0.0050765 0.0137389 0.0085072 0.0120007 0.0137389 0.0137105 0.0119513 0.0155154 0.0374592 0.0430426 0.0409949 0.0410847 0.0428540 0.0449170 0.0429481 0.0429481 0.0428540 0.0430426 0.0430426 0.0429481 0.0466947 0.0393137 0.0449170 0.0428540 0.0428540 0.0372964 0.3670707 0.3670707 0.3704173 0.3645339 0.3691303 0.3724750 
GorGor_chrY_LOC129530299-exPG_18481620_nonP-closest-Q7.B-at-37060_nonC_t  0.0050765 0.0000000 0.0067803 0.0189908 0.0136822 0.0172334 0.0189908 0.0189513 0.0171628 0.0207970 0.0430426 0.0486859 0.0465918 0.0466947 0.0484706 0.0505804 0.0485780 0.0485780 0.0484706 0.0486859 0.0486859 0.0485780 0.0523647 0.0449170 0.0505804 0.0484706 0.0484706 0.0428540 0.3771474 0.3771474 0.3805299 0.3745251 0.3792007 0.3825814 
GorGor_chrY_LOC129530297-exPG_17829216_nonP-closest-Q7.A-at-37178_nonC_-  0.0050765 0.0067803 0.0000000 0.0189908 0.0136822 0.0172334 0.0189908 0.0189513 0.0171628 0.0207970 0.0430426 0.0486859 0.0465918 0.0466947 0.0484706 0.0505804 0.0485780 0.0485780 0.0484706 0.0486859 0.0486859 0.0485780 0.0523647 0.0449170 0.0505804 0.0484706 0.0484706 0.0428540 0.3670707 0.3670707 0.3704173 0.3645339 0.3691303 0.3724750 
HomSap_chrY_CDY1_26434508_nonP-closest-Q12B-at-66643_nonC_t               0.0137389 0.0189908 0.0189908 0.0000000 0.0085247 0.0155803 0.0173418 0.0173055 0.0155154 0.0191499 0.0414478 0.0452166 0.0412654 0.0432330 0.0431376 0.0452166 0.0432330 0.0432330 0.0431376 0.0471111 0.0471111 0.0432330 0.0470063 0.0433288 0.0452166 0.0431376 0.0431376 0.0450164 0.3845782 0.3845782 0.3880181 0.3818697 0.3866444 0.3900818 
HomSap_chrY_CDY2A_18932262_Q4B_nonC_t                                     0.0085072 0.0136822 0.0136822 0.0085247 0.0000000 0.0102896 0.0120255 0.0120007 0.0102473 0.0137960 0.0393999 0.0450164 0.0392279 0.0430426 0.0410847 0.0469020 0.0449170 0.0411748 0.0410847 0.0450164 0.0450164 0.0449170 0.0449170 0.0412654 0.0469020 0.0410847 0.0410847 0.0392279 0.3683527 0.3683527 0.3717136 0.3657978 0.3704173 0.3737764 
PanPan_chrY_LOC129395542-exPG_7871634_nonP-closest-Q22B-at-452392_nonC_t  0.0120007 0.0172334 0.0172334 0.0155803 0.0102896 0.0000000 0.0016864 0.0085422 0.0068080 0.0103109 0.0433288 0.0490125 0.0431376 0.0470063 0.0450164 0.0509207 0.0489031 0.0451163 0.0450164 0.0490125 0.0490125 0.0489031 0.0489031 0.0452166 0.0509207 0.0450164 0.0450164 0.0431376 0.3750871 0.3750871 0.3784726 0.3724750 0.3771474 0.3805299 
PanPan_chrY_LOC129395731_10461020_Q21A_nonC_t                             0.0137389 0.0189908 0.0189908 0.0173418 0.0120255 0.0016864 0.0000000 0.0102684 0.0085247 0.0120504 0.0452166 0.0509207 0.0450164 0.0489031 0.0469020 0.0528358 0.0508068 0.0470063 0.0469020 0.0509207 0.0509207 0.0508068 0.0508068 0.0471111 0.0528358 0.0469020 0.0469020 0.0450164 0.3784726 0.3784726 0.3818697 0.3758316 0.3805299 0.3839261 
PanTro_chrY_LOC129388401-exPG_20105906_Q7.1B_C38_-                        0.0137105 0.0189513 0.0189513 0.0173055 0.0120007 0.0085422 0.0102684 0.0000000 0.0050868 0.0050972 0.0451163 0.0508068 0.0449170 0.0487943 0.0467981 0.0527172 0.0506933 0.0469020 0.0467981 0.0508068 0.0508068 0.0506933 0.0506933 0.0470063 0.0527172 0.0467981 0.0430426 0.0449170 0.3866444 0.3866444 0.3900818 0.3839261 0.3887031 0.3921381 
PanTro_chrY_LOC745547_5358723_nonP-closest-Q14B-at-988449_nonC_t          0.0119513 0.0171628 0.0171628 0.0155154 0.0102473 0.0068080 0.0085247 0.0050868 0.0000000 0.0068219 0.0431376 0.0450164 0.0392279 0.0430426 0.0410847 0.0506933 0.0486859 0.0411748 0.0410847 0.0450164 0.0450164 0.0486859 0.0449170 0.0450164 0.0506933 0.0410847 0.0373776 0.0429481 0.3818697 0.3818697 0.3852804 0.3792007 0.3839261 0.3873342 
PanTro_chrY_LOC744070_10716099_Q11B_nonC_-                                0.0155154 0.0207970 0.0207970 0.0191499 0.0137960 0.0103109 0.0120504 0.0050972 0.0068219 0.0000000 0.0472164 0.0529550 0.0470063 0.0509207 0.0489031 0.0548816 0.0528358 0.0490125 0.0489031 0.0529550 0.0529550 0.0528358 0.0528358 0.0491224 0.0548816 0.0489031 0.0451163 0.0470063 0.3894018 0.3894018 0.3928690 0.3866444 0.3914704 0.3949352 
PonAbe_chrY_LOC129053503_51692121_Q30B_C1_t                               0.0374592 0.0430426 0.0430426 0.0414478 0.0393999 0.0433288 0.0452166 0.0451163 0.0431376 0.0472164 0.0000000 0.0050765 0.0171975 0.0067941 0.0224751 0.0207970 0.0189908 0.0189908 0.0189513 0.0050765 0.0050765 0.0189908 0.0225223 0.0016864 0.0207970 0.0189513 0.0189513 0.0472164 0.3928690 0.3928690 0.3963488 0.3998414 0.4048008 0.3984126 
PonAbe_chrY_LOC129053496_50227701_nonP-closest-Q28A-at-16957_nonC_-       0.0430426 0.0486859 0.0486859 0.0452166 0.0450164 0.0490125 0.0509207 0.0508068 0.0450164 0.0529550 0.0050765 0.0000000 0.0189513 0.0016898 0.0242462 0.0225696 0.0207535 0.0207535 0.0207101 0.0033785 0.0033785 0.0207535 0.0242972 0.0033785 0.0261335 0.0207101 0.0207101 0.0529550 0.4033461 0.4033461 0.4068646 0.4103956 0.4154404 0.4089210 
PonAbe_chrY_LOC129053476_45770263_Q20B_C1_t                               0.0409949 0.0465918 0.0465918 0.0412654 0.0392279 0.0431376 0.0450164 0.0449170 0.0392279 0.0470063 0.0171975 0.0189513 0.0000000 0.0171628 0.0084899 0.0171975 0.0154190 0.0016898 0.0050765 0.0189513 0.0189513 0.0154190 0.0085072 0.0189513 0.0171975 0.0016864 0.0050765 0.0470063 0.3866444 0.3866444 0.3900818 0.3935316 0.3984126 0.3921381 
PonAbe_chrY_LOC129053453_39794954_nonP-closest-Q12A-at-16947_nonC_-       0.0410847 0.0466947 0.0466947 0.0432330 0.0430426 0.0470063 0.0489031 0.0487943 0.0430426 0.0509207 0.0067941 0.0016898 0.0171628 0.0000000 0.0224281 0.0207535 0.0189513 0.0189513 0.0189119 0.0050868 0.0050868 0.0189513 0.0224751 0.0050868 0.0242972 0.0189119 0.0189119 0.0509207 0.3984126 0.3984126 0.4019018 0.4054052 0.4103956 0.4039562 
PonAbe_chrY_LOC129053442_37080427_Q7B_C1_t                                0.0428540 0.0484706 0.0484706 0.0431376 0.0410847 0.0450164 0.0469020 0.0467981 0.0410847 0.0489031 0.0224751 0.0242462 0.0084899 0.0224281 0.0000000 0.0260234 0.0241954 0.0102263 0.0067803 0.0242462 0.0242462 0.0241954 0.0102263 0.0242462 0.0260234 0.0102054 0.0067803 0.0508068 0.3935316 0.3935316 0.3969940 0.4004690 0.4054052 0.3921381 
PonAbe_chrY_LOC129053440_35954132_Q5.1B_C1_t                              0.0449170 0.0505804 0.0505804 0.0452166 0.0469020 0.0509207 0.0528358 0.0527172 0.0506933 0.0548816 0.0207970 0.0225696 0.0171975 0.0207535 0.0260234 0.0000000 0.0016898 0.0189908 0.0224751 0.0225696 0.0225696 0.0051076 0.0260783 0.0190305 0.0068080 0.0189513 0.0224751 0.0510352 0.4004690 0.4004690 0.4039562 0.4074568 0.4124495 0.4060031 
PonAbe_chrY_LOC129053439_35795298_Q5.1A_C1_-                              0.0429481 0.0485780 0.0485780 0.0432330 0.0449170 0.0489031 0.0508068 0.0506933 0.0486859 0.0528358 0.0189908 0.0207535 0.0154190 0.0189513 0.0241954 0.0016898 0.0000000 0.0171975 0.0206670 0.0207535 0.0207535 0.0033922 0.0242462 0.0172334 0.0050868 0.0171628 0.0206670 0.0490125 0.4019018 0.4019018 0.4054052 0.4089210 0.4139396 0.4074568 
PonAbe_chrY_LOC129053357_52307689_Q4A_C3_-                                0.0429481 0.0485780 0.0485780 0.0432330 0.0411748 0.0451163 0.0470063 0.0469020 0.0411748 0.0490125 0.0189908 0.0207535 0.0016898 0.0189513 0.0102263 0.0189908 0.0171975 0.0000000 0.0067941 0.0207535 0.0207535 0.0171975 0.0102473 0.0207535 0.0189908 0.0033854 0.0067941 0.0490125 0.3914704 0.3914704 0.3949352 0.3984126 0.4033461 0.3969940 
PonAbe_chrY_LOC129053199_46540858_Q21.2B_C1_t                             0.0428540 0.0484706 0.0484706 0.0431376 0.0410847 0.0450164 0.0469020 0.0467981 0.0410847 0.0489031 0.0189513 0.0207101 0.0050765 0.0189119 0.0067803 0.0224751 0.0206670 0.0067941 0.0000000 0.0207101 0.0207101 0.0206670 0.0067941 0.0207101 0.0224751 0.0067803 0.0033785 0.0489031 0.3866444 0.3866444 0.3900818 0.3935316 0.3984126 0.3921381 
PonAbe_chrY_LOC129053139_54584688_nonP-closest-Q34A-at-16949_nonC_-       0.0430426 0.0486859 0.0486859 0.0471111 0.0450164 0.0490125 0.0509207 0.0508068 0.0450164 0.0529550 0.0050765 0.0033785 0.0189513 0.0050868 0.0242462 0.0225696 0.0207535 0.0207535 0.0207101 0.0000000 0.0033785 0.0207535 0.0242972 0.0033785 0.0261335 0.0207101 0.0207101 0.0529550 0.4033461 0.4033461 0.4068646 0.4103956 0.4154404 0.4089210 
PonPyg_chrY_LOC129025917_33323942_nonP-closest-Q16A-at-16966_nonC_-       0.0430426 0.0486859 0.0486859 0.0471111 0.0450164 0.0490125 0.0509207 0.0508068 0.0450164 0.0529550 0.0050765 0.0033785 0.0189513 0.0050868 0.0242462 0.0225696 0.0207535 0.0207535 0.0207101 0.0033785 0.0000000 0.0207535 0.0242972 0.0033785 0.0261335 0.0207101 0.0207101 0.0529550 0.4033461 0.4033461 0.4068646 0.4103956 0.4154404 0.4089210 
PonPyg_chrY_LOC129025903_26050227_Q5.1B_C1_t                              0.0429481 0.0485780 0.0485780 0.0432330 0.0449170 0.0489031 0.0508068 0.0506933 0.0486859 0.0528358 0.0189908 0.0207535 0.0154190 0.0189513 0.0241954 0.0051076 0.0033922 0.0171975 0.0206670 0.0207535 0.0207535 0.0000000 0.0242462 0.0172334 0.0085422 0.0171628 0.0206670 0.0490125 0.4019018 0.4019018 0.4054052 0.4089210 0.4139396 0.4074568 
PonPyg_chrY_LOC129025902_29061134_Q10.1B_C1_t                             0.0466947 0.0523647 0.0523647 0.0470063 0.0449170 0.0489031 0.0508068 0.0506933 0.0449170 0.0528358 0.0225223 0.0242972 0.0085072 0.0224751 0.0102263 0.0260783 0.0242462 0.0102473 0.0067941 0.0242972 0.0242972 0.0242462 0.0000000 0.0242972 0.0260783 0.0102263 0.0067941 0.0528358 0.3984126 0.3984126 0.4019018 0.4054052 0.4103956 0.4039562 
PonPyg_chrY_LOC129025898_36502421_Q23A_C1_-                               0.0393137 0.0449170 0.0449170 0.0433288 0.0412654 0.0452166 0.0471111 0.0470063 0.0450164 0.0491224 0.0016864 0.0033785 0.0189513 0.0050868 0.0242462 0.0190305 0.0172334 0.0207535 0.0207101 0.0033785 0.0033785 0.0172334 0.0242972 0.0000000 0.0225696 0.0207101 0.0207101 0.0491224 0.3963488 0.3963488 0.3998414 0.4033461 0.4083345 0.4019018 
PonPyg_chrY_LOC129025896_25891571_Q5.1A_C1_-                              0.0449170 0.0505804 0.0505804 0.0452166 0.0469020 0.0509207 0.0528358 0.0527172 0.0506933 0.0548816 0.0207970 0.0261335 0.0171975 0.0242972 0.0260234 0.0068080 0.0050868 0.0189908 0.0224751 0.0261335 0.0261335 0.0085422 0.0260783 0.0225696 0.0000000 0.0189513 0.0224751 0.0510352 0.4068646 0.4068646 0.4103956 0.4139396 0.4190129 0.4124495 
PonPyg_chrY_LOC129025890_34656667_Q19A_C1_-                               0.0428540 0.0484706 0.0484706 0.0431376 0.0410847 0.0450164 0.0469020 0.0467981 0.0410847 0.0489031 0.0189513 0.0207101 0.0016864 0.0189119 0.0102054 0.0189513 0.0171628 0.0033854 0.0067803 0.0207101 0.0207101 0.0171628 0.0102263 0.0207101 0.0189513 0.0000000 0.0067803 0.0489031 0.3900818 0.3900818 0.3935316 0.3969940 0.4019018 0.3955856 
PonPyg_chrY_LOC129025882_41685721_Q29B_C1_t                               0.0428540 0.0484706 0.0484706 0.0431376 0.0410847 0.0450164 0.0469020 0.0430426 0.0373776 0.0451163 0.0189513 0.0207101 0.0050765 0.0189119 0.0067803 0.0224751 0.0206670 0.0067941 0.0033785 0.0207101 0.0207101 0.0206670 0.0067941 0.0207101 0.0224751 0.0067803 0.0000000 0.0489031 0.3900818 0.3900818 0.3935316 0.3969940 0.4019018 0.3955856 
SymSyn_chrY_LOC129476678_19362995_Q6.1A_nonC_-                            0.0372964 0.0428540 0.0428540 0.0450164 0.0392279 0.0431376 0.0450164 0.0449170 0.0429481 0.0470063 0.0472164 0.0529550 0.0470063 0.0509207 0.0508068 0.0510352 0.0490125 0.0490125 0.0489031 0.0529550 0.0529550 0.0490125 0.0528358 0.0491224 0.0510352 0.0489031 0.0489031 0.0000000 0.3956967 0.3956967 0.3992070 0.3859470 0.3907955 0.3907955 
GorGor_chr5_CDYL_22394017_NA_nonC_t                                       0.3670707 0.3771474 0.3670707 0.3845782 0.3683527 0.3750871 0.3784726 0.3866444 0.3818697 0.3894018 0.3928690 0.4033461 0.3866444 0.3984126 0.3935316 0.4004690 0.4019018 0.3914704 0.3866444 0.4033461 0.4033461 0.4019018 0.3984126 0.3963488 0.4068646 0.3900818 0.3900818 0.3956967 0.0000000 0.0016864 0.0016864 0.0154510 0.0136822 0.0102263 
HomSap_chr6_CDYL_4575080_NA_nonC_t                                        0.3670707 0.3771474 0.3670707 0.3845782 0.3683527 0.3750871 0.3784726 0.3866444 0.3818697 0.3894018 0.3928690 0.4033461 0.3866444 0.3984126 0.3935316 0.4004690 0.4019018 0.3914704 0.3866444 0.4033461 0.4033461 0.4019018 0.3984126 0.3963488 0.4068646 0.3900818 0.3900818 0.3956967 0.0016864 0.0000000 0.0033785 0.0137105 0.0119513 0.0102263 
PanPan_chr5_CDYL_19400677_NA_nonC_t                                       0.3704173 0.3805299 0.3704173 0.3880181 0.3717136 0.3784726 0.3818697 0.3900818 0.3852804 0.3928690 0.3963488 0.4068646 0.3900818 0.4019018 0.3969940 0.4039562 0.4054052 0.3949352 0.3900818 0.4068646 0.4068646 0.4054052 0.4019018 0.3998414 0.4103956 0.3935316 0.3935316 0.3992070 0.0016864 0.0033785 0.0000000 0.0137105 0.0119513 0.0085072 
PonAbe_chr5_CDYL_4587803_NA_nonC_t                                        0.3645339 0.3745251 0.3645339 0.3818697 0.3657978 0.3724750 0.3758316 0.3839261 0.3792007 0.3866444 0.3998414 0.4103956 0.3935316 0.4054052 0.4004690 0.4074568 0.4089210 0.3984126 0.3935316 0.4103956 0.4103956 0.4089210 0.4054052 0.4033461 0.4139396 0.3969940 0.3969940 0.3859470 0.0154510 0.0137105 0.0137105 0.0000000 0.0016898 0.0137389 
PonPyg_chr5_CDYL_4592538_NA_nonC_t                                        0.3691303 0.3792007 0.3691303 0.3866444 0.3704173 0.3771474 0.3805299 0.3887031 0.3839261 0.3914704 0.4048008 0.4154404 0.3984126 0.4103956 0.4054052 0.4124495 0.4139396 0.4033461 0.3984126 0.4154404 0.4154404 0.4139396 0.4103956 0.4083345 0.4190129 0.4019018 0.4019018 0.3907955 0.0136822 0.0119513 0.0119513 0.0016898 0.0000000 0.0119759 
SymSyn_chr23_CDYL_65930269_NA_nonC_-                                      0.3724750 0.3825814 0.3724750 0.3900818 0.3737764 0.3805299 0.3839261 0.3921381 0.3873342 0.3949352 0.3984126 0.4089210 0.3921381 0.4039562 0.3921381 0.4060031 0.4074568 0.3969940 0.3921381 0.4089210 0.4089210 0.4074568 0.4039562 0.4019018 0.4124495 0.3955856 0.3955856 0.3907955 0.0102263 0.0102263 0.0085072 0.0137389 0.0119759 0.0000000 
