28
GorGor_chrY_LOC129530254_15402543_nonP-closest-Q3.A-at-514381_nonC_-      0.0000000 0.0177518 0.0213526 0.0249809 0.0286296 0.0286296 0.0286175 0.0286722 0.0322863 0.0213526 0.0213526 0.0249704 0.0249443 0.0249704 0.0286053 0.0286021 0.0250403 0.0286978 0.0433665 0.0470442 0.0546061 0.0470442 0.0434312 0.0508479 0.0700697 0.0782483 0.0396395 0.0549164 
GorGor_chrY_LOC129530275_34736504_nonP-closest-Q16.B-at-5719797_nonC_-    0.0177518 0.0000000 0.0035265 0.0070723 0.0106378 0.0106378 0.0106335 0.0106536 0.0142173 0.0035265 0.0035265 0.0070695 0.0070622 0.0070695 0.0106292 0.0106280 0.0070890 0.0106629 0.0250622 0.0286806 0.0360637 0.0286806 0.0250996 0.0323831 0.0511404 0.0590403 0.0214219 0.0362644 
GorGor_chrY_LOC129530276_34777900_nonP-closest-Q16.B-at-5761193_nonC_-    0.0213526 0.0035265 0.0000000 0.0106335 0.0142173 0.0142173 0.0142115 0.0142385 0.0178138 0.0070695 0.0070695 0.0106292 0.0106182 0.0106292 0.0142057 0.0142041 0.0106586 0.0142510 0.0287108 0.0323437 0.0397658 0.0323437 0.0287537 0.0360678 0.0549272 0.0628866 0.0250517 0.0399882 
HomSap_chrY_LOC124905614_9227720_nonP-closest-Q1A-at-5660082_nonC_t       0.0249809 0.0070723 0.0106335 0.0000000 0.0032163 0.0064413 0.0032152 0.0030622 0.0064464 0.0033109 0.0033109 0.0066363 0.0066299 0.0066363 0.0099765 0.0099755 0.0066535 0.0100062 0.0338719 0.0373064 0.0443365 0.0373064 0.0339195 0.0408373 0.0586862 0.0625900 0.0304037 0.0481104 
HomSap_chrY_LOC124905617_9735051_nonP-closest-Q1A-at-5152751_nonC_t       0.0286296 0.0106378 0.0142173 0.0032163 0.0000000 0.0032168 0.0064464 0.0064575 0.0032193 0.0066388 0.0066388 0.0099803 0.0099706 0.0099803 0.0133366 0.0133352 0.0100062 0.0133765 0.0373589 0.0408073 0.0478764 0.0408073 0.0374114 0.0443598 0.0623097 0.0662519 0.0338719 0.0516883 
HomSap_chrY_LOC124909306_9390011_nonP-closest-Q1A-at-5497791_nonC_t       0.0286296 0.0106378 0.0142173 0.0064413 0.0032168 0.0000000 0.0096827 0.0096994 0.0064474 0.0099721 0.0099721 0.0133256 0.0133126 0.0133256 0.0166940 0.0166923 0.0133603 0.0167441 0.0408133 0.0442710 0.0513695 0.0442710 0.0408706 0.0478404 0.0658665 0.0698410 0.0373120 0.0552140 
HomSap_chrY_LOC124909330_9511760_nonP-closest-Q1A-at-5376042_nonC_t       0.0286175 0.0106335 0.0142115 0.0032152 0.0064464 0.0096827 0.0000000 0.0064552 0.0032189 0.0066363 0.0066363 0.0099765 0.0099668 0.0099765 0.0133315 0.0133301 0.0100024 0.0133713 0.0373436 0.0407904 0.0478562 0.0407904 0.0373961 0.0443413 0.0622824 0.0662225 0.0338582 0.0516662 
HomSap_chrY_LOC124909332_9045198_nonP-closest-Q1A-at-5842586_nonC_t       0.0286722 0.0106536 0.0142385 0.0030622 0.0064575 0.0096994 0.0064552 0.0000000 0.0097072 0.0066481 0.0066481 0.0099942 0.0099845 0.0099942 0.0133552 0.0133538 0.0100202 0.0133952 0.0374114 0.0408646 0.0479437 0.0408646 0.0374640 0.0444222 0.0623976 0.0663460 0.0339195 0.0517614 
HomSap_chrY_TSPY1_9653822_nonP-closest-Q1A-at-5233930_nonC_t              0.0322863 0.0142173 0.0178138 0.0064464 0.0032193 0.0064474 0.0032189 0.0097072 0.0000000 0.0099803 0.0099803 0.0133366 0.0133236 0.0133366 0.0167078 0.0167060 0.0133713 0.0167580 0.0408481 0.0443088 0.0514139 0.0443088 0.0409055 0.0478815 0.0659245 0.0699032 0.0373436 0.0552622 
PanPan_chrY_LOC129395564_27272636_nonP-closest-Q12.1A-at-28448_nonC_t     0.0213526 0.0035265 0.0070695 0.0033109 0.0066388 0.0099721 0.0066363 0.0066481 0.0099803 0.0000000 0.0000010 0.0033096 0.0033064 0.0033096 0.0066338 0.0066332 0.0033182 0.0066535 0.0304037 0.0338246 0.0408161 0.0338246 0.0304464 0.0373340 0.0550824 0.0589489 0.0269535 0.0445523 
PanPan_chrY_LOC129395568_27251054_nonP-closest-Q12.1A-at-6866_nonC_t      0.0213526 0.0035265 0.0070695 0.0033109 0.0066388 0.0099721 0.0066363 0.0066481 0.0099803 0.0000010 0.0000000 0.0033096 0.0033064 0.0033096 0.0066338 0.0066332 0.0033182 0.0066535 0.0304037 0.0338246 0.0408161 0.0338246 0.0304464 0.0373340 0.0550824 0.0589489 0.0269535 0.0445523 
PanPan_chrY_LOC129395585_18605271_nonP-closest-Q20.1A-at-6853_nonC_t      0.0249704 0.0070695 0.0106292 0.0066363 0.0099803 0.0133256 0.0099765 0.0099942 0.0133366 0.0033096 0.0033096 0.0000000 0.0066274 0.0066338 0.0033123 0.0099717 0.0066510 0.0100024 0.0338582 0.0372912 0.0443181 0.0372912 0.0339057 0.0408205 0.0586608 0.0625625 0.0303915 0.0480901 
PanPan_chrY_LOC129395610_27283410_nonP-closest-Q12.1A-at-39222_nonC_t     0.0249443 0.0070622 0.0106182 0.0066299 0.0099706 0.0133126 0.0099668 0.0099845 0.0133236 0.0033064 0.0033064 0.0066274 0.0000000 0.0066274 0.0099630 0.0099620 0.0066446 0.0099927 0.0338246 0.0372541 0.0442737 0.0372541 0.0338720 0.0407797 0.0586012 0.0624985 0.0303614 0.0480415 
PanPan_chrY_LOC129395754_23168148_Q15.5A_C3_t                             0.0249704 0.0070695 0.0106292 0.0066363 0.0099803 0.0133256 0.0099765 0.0099942 0.0133366 0.0033096 0.0033096 0.0066338 0.0066274 0.0000000 0.0033123 0.0033120 0.0066510 0.0100024 0.0338582 0.0372912 0.0443181 0.0372912 0.0339057 0.0408205 0.0586608 0.0625625 0.0303915 0.0480901 
PanPan_chrY_LOC129395763_20903246_nonP-closest-Q18.1A-at-486_nonC_t       0.0286053 0.0106292 0.0142057 0.0099765 0.0133366 0.0166940 0.0133315 0.0133552 0.0167078 0.0066338 0.0066338 0.0033123 0.0099630 0.0033123 0.0000000 0.0066386 0.0099986 0.0133662 0.0373284 0.0407737 0.0478362 0.0407737 0.0373808 0.0443229 0.0622552 0.0661931 0.0338445 0.0516442 
PanPan_chrY_LOC129395765_20892486_Q18.1A_C3_t                             0.0286021 0.0106280 0.0142041 0.0099755 0.0133352 0.0166923 0.0133301 0.0133538 0.0167060 0.0066332 0.0066332 0.0099717 0.0099620 0.0033120 0.0066386 0.0000000 0.0099976 0.0133648 0.0373244 0.0407693 0.0478310 0.0407693 0.0373768 0.0443181 0.0622484 0.0661858 0.0338409 0.0516386 
PanTro_chrY_LOC737822_17214011_nonP-closest-Q10.1A-at-35165_nonC_t        0.0250403 0.0070890 0.0106586 0.0066535 0.0100062 0.0133603 0.0100024 0.0100202 0.0133713 0.0033182 0.0033182 0.0066510 0.0066446 0.0066510 0.0099986 0.0099976 0.0000000 0.0033198 0.0339482 0.0373905 0.0444369 0.0373905 0.0339959 0.0409296 0.0588205 0.0627342 0.0304720 0.0482201 
PanTro_chrY_LOC129135297_6661276_nonP-closest-Q14A-at-16398_nonC_t        0.0286978 0.0106629 0.0142510 0.0100062 0.0133765 0.0167441 0.0133713 0.0133952 0.0167580 0.0066535 0.0066535 0.0100024 0.0099927 0.0100024 0.0133662 0.0133648 0.0033198 0.0000000 0.0374432 0.0408994 0.0479850 0.0408994 0.0374960 0.0444603 0.0624526 0.0664049 0.0339482 0.0518064 
PonAbe_chrY_LOC129053418-exPG_14388482_nonP-closest-Q4B-at-2935890_nonC_- 0.0433665 0.0250622 0.0287108 0.0338719 0.0373589 0.0408133 0.0373436 0.0374114 0.0408481 0.0304037 0.0304037 0.0338582 0.0338246 0.0338582 0.0373284 0.0373244 0.0339482 0.0374432 0.0000000 0.0032888 0.0233179 0.0032888 0.0066037 0.0165978 0.0336600 0.0372749 0.0032888 0.0337650 
PonAbe_chrY_LOC129053425-exPG_14442634_nonP-closest-Q4B-at-2990042_nonC_- 0.0470442 0.0286806 0.0323437 0.0373064 0.0408073 0.0442710 0.0407904 0.0408646 0.0443088 0.0338246 0.0338246 0.0372912 0.0372541 0.0372912 0.0407737 0.0407693 0.0373905 0.0408994 0.0032888 0.0000000 0.0266816 0.0065857 0.0099176 0.0199418 0.0370725 0.0407151 0.0065857 0.0371886 
PonAbe_chrY_LOC129053458-exPG_14288339_nonP-closest-Q4B-at-2835747_nonC_- 0.0546061 0.0360637 0.0397658 0.0443365 0.0478764 0.0513695 0.0478562 0.0479437 0.0514139 0.0408161 0.0408161 0.0443181 0.0442737 0.0443181 0.0478362 0.0478310 0.0444369 0.0479850 0.0233179 0.0266816 0.0000000 0.0266816 0.0233503 0.0099028 0.0404726 0.0548087 0.0199351 0.0441958 
PonAbe_chrY_LOC129053419_14465425_nonP-closest-Q4B-at-3012833_nonC_-      0.0470442 0.0286806 0.0323437 0.0373064 0.0408073 0.0442710 0.0407904 0.0408646 0.0443088 0.0338246 0.0338246 0.0372912 0.0372541 0.0372912 0.0407737 0.0407693 0.0373905 0.0408994 0.0032888 0.0065857 0.0266816 0.0000000 0.0099176 0.0199418 0.0370725 0.0407151 0.0065857 0.0371886 
PonAbe_chrY_LOC129053427_14411276_nonP-closest-Q4B-at-2958684_nonC_-      0.0434312 0.0250996 0.0287537 0.0339195 0.0374114 0.0408706 0.0373961 0.0374640 0.0409055 0.0304464 0.0304464 0.0339057 0.0338720 0.0339057 0.0373808 0.0373768 0.0339959 0.0374960 0.0066037 0.0099176 0.0233503 0.0099176 0.0000000 0.0166209 0.0337070 0.0442887 0.0032934 0.0338122 
PonPyg_chrY_LOC129025871-exPG_14133163_nonP-closest-Q4B-at-2808411_nonC_- 0.0508479 0.0323831 0.0360678 0.0408373 0.0443598 0.0478404 0.0443413 0.0444222 0.0478815 0.0373340 0.0373340 0.0408205 0.0407797 0.0408205 0.0443229 0.0443181 0.0409296 0.0444603 0.0165978 0.0199418 0.0099028 0.0199418 0.0166209 0.0000000 0.0369693 0.0512717 0.0132440 0.0407079 
PonPyg_chrY_LOC129025885-exPG_14163182_nonP-closest-Q4B-at-2838430_nonC_- 0.0700697 0.0511404 0.0549272 0.0586862 0.0623097 0.0658665 0.0622824 0.0623976 0.0659245 0.0550824 0.0550824 0.0586608 0.0586012 0.0586608 0.0622552 0.0622484 0.0588205 0.0624526 0.0336600 0.0370725 0.0404726 0.0370725 0.0337070 0.0369693 0.0000000 0.0655513 0.0302143 0.0584980 
PonPyg_chrY_LOC129025684_14988509_nonP-closest-Q4B-at-3663757_nonC_-      0.0782483 0.0590403 0.0628866 0.0625900 0.0662519 0.0698410 0.0662225 0.0663460 0.0699032 0.0589489 0.0589489 0.0625625 0.0624985 0.0625625 0.0661931 0.0661858 0.0627342 0.0664049 0.0372749 0.0407151 0.0548087 0.0407151 0.0442887 0.0512717 0.0655513 0.0000000 0.0407151 0.0622160 
PonPyg_chrY_LOC129025859_14859269_nonP-closest-Q4B-at-3534517_nonC_-      0.0396395 0.0214219 0.0250517 0.0304037 0.0338719 0.0373120 0.0338582 0.0339195 0.0373436 0.0269535 0.0269535 0.0303915 0.0303614 0.0303915 0.0338445 0.0338409 0.0304720 0.0339482 0.0032888 0.0065857 0.0199351 0.0065857 0.0032934 0.0132440 0.0302143 0.0407151 0.0000000 0.0303079 
SymSyn_chrY_LOC129476679_19477741_Q6.1A_nonC_-                            0.0549164 0.0362644 0.0399882 0.0481104 0.0516883 0.0552140 0.0516662 0.0517614 0.0552622 0.0445523 0.0445523 0.0480901 0.0480415 0.0480901 0.0516442 0.0516386 0.0482201 0.0518064 0.0337650 0.0371886 0.0441958 0.0371886 0.0338122 0.0407079 0.0584980 0.0622160 0.0303079 0.0000000 
