53
GorGor_chr2_DAZL-RBD1_26423032_NA_nonC_-              0.0000000 0.1230076 0.1293913 0.1261865 0.1230076 0.1326225 0.0020275 0.1188095 0.1188095 0.0020275 0.1376128 0.1337565 0.1376128 0.0040882 0.1337565 0.0103420 0.1572212 0.1430717 0.1397498 0.1430717 0.1482396 0.1397498 0.1430717 0.1482396 0.0103420 0.1272820 0.1668413 0.1364555 0.1550744 0.1425708 0.1337565 0.1620250 0.1358804 0.1522609 0.1358804 0.1522609 0.1358804 0.1516428 0.1358804 0.1516428 0.1430717 0.1436670 0.1482396 0.1430717 0.1510266 0.1557002 0.1510266 0.1528809 0.0146547 0.1131187 0.1209094 0.1131187 0.1209094 
GorGor_chrY_DAZ1-RBD1_42783133_Q18.1.A_nonC_-         0.1230076 0.0000000 0.0189890 0.0211812 0.0000010 0.0211812 0.1198540 0.0561877 0.0561877 0.1198540 0.0729289 0.0698957 0.0729289 0.1235441 0.0698957 0.1131187 0.1091790 0.0867974 0.0839806 0.0867974 0.0937640 0.0839806 0.0867974 0.0937640 0.1131187 0.0843650 0.1095604 0.0839806 0.0996238 0.1003535 0.0843650 0.1025897 0.0835989 0.0971217 0.0835989 0.0971217 0.0808155 0.0966825 0.0808155 0.0966825 0.0867974 0.0996238 0.0966825 0.0867974 0.1060507 0.0971217 0.1060507 0.0946221 0.1198540 0.0642636 0.0705440 0.0642636 0.0705440 
GorGor_chrY_DAZ1-RBD2_42783133_Q18.1.A_nonC_-         0.1293913 0.0189890 0.0000000 0.0061312 0.0189890 0.0020275 0.1261865 0.0531440 0.0531440 0.1261865 0.0590327 0.0561877 0.0590327 0.1299476 0.0561877 0.1256427 0.0977331 0.0839806 0.0811856 0.0839806 0.0851421 0.0811856 0.0839806 0.0851421 0.1256427 0.0815583 0.1005277 0.0811856 0.0908679 0.0966138 0.0871935 0.0937640 0.0808155 0.0883985 0.0808155 0.0883985 0.0780538 0.0879940 0.0780538 0.0879940 0.0839806 0.0966825 0.0937640 0.0839806 0.1030501 0.0941916 0.1030501 0.0917029 0.1326225 0.0669092 0.0787730 0.0669092 0.0787730 
GorGor_chrY_DAZ1-RBD3_42783133_Q18.1.A_nonC_-         0.1261865 0.0211812 0.0061312 0.0000000 0.0211812 0.0082066 0.1230076 0.0456658 0.0456658 0.1230076 0.0513346 0.0485828 0.0513346 0.1267330 0.0485828 0.1224738 0.1015098 0.0811856 0.0784121 0.0811856 0.0879940 0.0784121 0.0811856 0.0879940 0.1224738 0.0843650 0.1035148 0.0784121 0.0937640 0.1003535 0.0900441 0.0966825 0.0780538 0.0912840 0.0780538 0.0912840 0.0753134 0.0908679 0.0753134 0.0908679 0.0811856 0.0937640 0.0966825 0.0811856 0.1000744 0.0971217 0.1000744 0.0946221 0.1293913 0.0695753 0.0815583 0.0695753 0.0815583 
GorGor_chrY_LOC129530216-RBD1_42879918_Q18.1.B_nonC_t 0.1230076 0.0000010 0.0189890 0.0211812 0.0000000 0.0211812 0.1198540 0.0561877 0.0561877 0.1198540 0.0729289 0.0698957 0.0729289 0.1235441 0.0698957 0.1131187 0.1091790 0.0867974 0.0839806 0.0867974 0.0937640 0.0839806 0.0867974 0.0937640 0.1131187 0.0843650 0.1095604 0.0839806 0.0996238 0.1003535 0.0843650 0.1025897 0.0835989 0.0971217 0.0835989 0.0971217 0.0808155 0.0966825 0.0808155 0.0966825 0.0867974 0.0996238 0.0966825 0.0867974 0.1060507 0.0971217 0.1060507 0.0946221 0.1198540 0.0642636 0.0705440 0.0642636 0.0705440 
GorGor_chrY_LOC129530216-RBD2_42879918_Q18.1.B_nonC_t 0.1326225 0.0211812 0.0020275 0.0082066 0.0211812 0.0000000 0.1293913 0.0556752 0.0556752 0.1293913 0.0616381 0.0587616 0.0616381 0.1331882 0.0587616 0.1288377 0.1015098 0.0867974 0.0839806 0.0867974 0.0879940 0.0839806 0.0867974 0.0879940 0.1288377 0.0843650 0.1035148 0.0839806 0.0937640 0.1003535 0.0900441 0.0966825 0.0835989 0.0912840 0.0835989 0.0912840 0.0808155 0.0908679 0.0808155 0.0908679 0.0867974 0.0996238 0.0966825 0.0867974 0.1060507 0.0971217 0.1060507 0.0946221 0.1358804 0.0695753 0.0815583 0.0695753 0.0815583 
HomSap_chr3_DAZL-RBD1_16587918_NA_nonC_-              0.0020275 0.1198540 0.1261865 0.1230076 0.1198540 0.1293913 0.0000000 0.1157017 0.1157017 0.0000010 0.1343271 0.1305063 0.1343271 0.0020363 0.1305063 0.0082416 0.1528036 0.1397498 0.1364555 0.1397498 0.1448642 0.1364555 0.1397498 0.1448642 0.0082416 0.1240832 0.1633075 0.1331882 0.1516428 0.1383122 0.1305063 0.1585350 0.1326225 0.1488496 0.1326225 0.1488496 0.1326225 0.1482396 0.1326225 0.1482396 0.1397498 0.1403363 0.1448642 0.1397498 0.1476315 0.1522609 0.1476315 0.1494618 0.0125124 0.1100495 0.1177593 0.1100495 0.1177593 
HomSap_chrY_DAZ1-RBD1_23965003_Q8A_nonC_-             0.1188095 0.0561877 0.0531440 0.0456658 0.0561877 0.0556752 0.1157017 0.0000000 0.0000010 0.1157017 0.0261890 0.0238059 0.0261890 0.1193304 0.0238059 0.1090741 0.0960610 0.0662992 0.0636769 0.0662992 0.0808155 0.0636769 0.0662992 0.0808155 0.1090741 0.0666030 0.0929170 0.0610748 0.0864040 0.0841442 0.0719323 0.0892326 0.0633870 0.0839806 0.0633870 0.0839806 0.0633870 0.0835989 0.0633870 0.0835989 0.0689418 0.0692573 0.0892326 0.0662992 0.0749695 0.0896364 0.0749695 0.0871935 0.1157017 0.0554221 0.0587616 0.0554221 0.0587616 
HomSap_chrY_DAZ1-RBD2_23965003_Q8A_nonC_-             0.1188095 0.0561877 0.0531440 0.0456658 0.0561877 0.0556752 0.1157017 0.0000010 0.0000000 0.1157017 0.0261890 0.0238059 0.0261890 0.1193304 0.0238059 0.1090741 0.0960610 0.0662992 0.0636769 0.0662992 0.0808155 0.0636769 0.0662992 0.0808155 0.1090741 0.0666030 0.0929170 0.0610748 0.0864040 0.0841442 0.0719323 0.0892326 0.0633870 0.0839806 0.0633870 0.0839806 0.0633870 0.0835989 0.0633870 0.0835989 0.0689418 0.0692573 0.0892326 0.0662992 0.0749695 0.0896364 0.0749695 0.0871935 0.1157017 0.0554221 0.0587616 0.0554221 0.0587616 
PanPan_chr2_DAZL-RBD1_16570582_NA_nonC_-              0.0020275 0.1198540 0.1261865 0.1230076 0.1198540 0.1293913 0.0000010 0.1157017 0.1157017 0.0000000 0.1343271 0.1305063 0.1343271 0.0020363 0.1305063 0.0082416 0.1528036 0.1397498 0.1364555 0.1397498 0.1448642 0.1364555 0.1397498 0.1448642 0.0082416 0.1240832 0.1633075 0.1331882 0.1516428 0.1383122 0.1305063 0.1585350 0.1326225 0.1488496 0.1326225 0.1488496 0.1326225 0.1482396 0.1326225 0.1482396 0.1397498 0.1403363 0.1448642 0.1397498 0.1476315 0.1522609 0.1476315 0.1494618 0.0125124 0.1100495 0.1177593 0.1100495 0.1177593 
PanPan_chrY_LOC129395530-RBD1_9036315_Q23B_C2_-       0.1376128 0.0729289 0.0590327 0.0513346 0.0729289 0.0616381 0.1343271 0.0261890 0.0261890 0.1343271 0.0000000 0.0020363 0.0000010 0.1381950 0.0020363 0.1337565 0.1098003 0.0843650 0.0815583 0.0843650 0.0941916 0.0815583 0.0843650 0.0941916 0.1337565 0.0847522 0.1070036 0.0787730 0.1000744 0.1047262 0.0904546 0.1030501 0.0811856 0.0975636 0.0811856 0.0975636 0.0811856 0.0971217 0.0811856 0.0971217 0.0871935 0.0875924 0.1030501 0.0843650 0.0937640 0.1035148 0.0937640 0.1009839 0.1409251 0.0725941 0.0756599 0.0725941 0.0756599 
PanPan_chrY_LOC129395621-RBD1_9107812_Q22A_nonC_t     0.1337565 0.0698957 0.0561877 0.0485828 0.0698957 0.0587616 0.1305063 0.0238059 0.0238059 0.1305063 0.0020363 0.0000000 0.0020363 0.1343271 0.0000010 0.1299476 0.1053248 0.0811856 0.0784121 0.0811856 0.0908679 0.0784121 0.0811856 0.0908679 0.1299476 0.0815583 0.1035148 0.0756599 0.0966825 0.1003535 0.0871935 0.0996238 0.0780538 0.0941916 0.0780538 0.0941916 0.0780538 0.0937640 0.0780538 0.0937640 0.0839806 0.0843650 0.0996238 0.0811856 0.0904546 0.1000744 0.0904546 0.0975636 0.1370330 0.0695753 0.0725941 0.0695753 0.0725941 
PanPan_chrY_LOC129395621-RBD2_9107812_Q22A_nonC_t     0.1376128 0.0729289 0.0590327 0.0513346 0.0729289 0.0616381 0.1343271 0.0261890 0.0261890 0.1343271 0.0000010 0.0020363 0.0000000 0.1381950 0.0020363 0.1337565 0.1098003 0.0843650 0.0815583 0.0843650 0.0941916 0.0815583 0.0843650 0.0941916 0.1337565 0.0847522 0.1070036 0.0787730 0.1000744 0.1047262 0.0904546 0.1030501 0.0811856 0.0975636 0.0811856 0.0975636 0.0811856 0.0971217 0.0811856 0.0971217 0.0871935 0.0875924 0.1030501 0.0843650 0.0937640 0.1035148 0.0937640 0.1009839 0.1409251 0.0725941 0.0756599 0.0725941 0.0756599 
PanTro_chr2_DAZL-RBD1_20590218_NA_nonC_-              0.0040882 0.1235441 0.1299476 0.1267330 0.1235441 0.1331882 0.0020363 0.1193304 0.1193304 0.0020363 0.1381950 0.1343271 0.1381950 0.0000000 0.1343271 0.0103865 0.1580297 0.1436670 0.1403363 0.1436670 0.1488496 0.1403363 0.1436670 0.1488496 0.0103865 0.1278337 0.1674916 0.1370330 0.1557002 0.1433342 0.1343271 0.1626655 0.1364555 0.1528809 0.1364555 0.1528809 0.1364555 0.1522609 0.1364555 0.1522609 0.1436670 0.1442645 0.1488496 0.1436670 0.1516428 0.1563279 0.1516428 0.1535028 0.0147183 0.1136214 0.1214412 0.1136214 0.1214412 
PanTro_chrY_LOC738636-RBD1_19278362_Q8.1A_C2_t        0.1337565 0.0698957 0.0561877 0.0485828 0.0698957 0.0587616 0.1305063 0.0238059 0.0238059 0.1305063 0.0020363 0.0000010 0.0020363 0.1343271 0.0000000 0.1299476 0.1053248 0.0811856 0.0784121 0.0811856 0.0908679 0.0784121 0.0811856 0.0908679 0.1299476 0.0815583 0.1035148 0.0756599 0.0966825 0.1003535 0.0871935 0.0996238 0.0780538 0.0941916 0.0780538 0.0941916 0.0780538 0.0937640 0.0780538 0.0937640 0.0839806 0.0843650 0.0996238 0.0811856 0.0904546 0.1000744 0.0904546 0.0975636 0.1370330 0.0695753 0.0725941 0.0695753 0.0725941 
PonAbe_chr2_DAZL-RBD1_138140947_NA_nonC_t             0.0103420 0.1131187 0.1256427 0.1224738 0.1131187 0.1288377 0.0082416 0.1090741 0.1090741 0.0082416 0.1337565 0.1299476 0.1337565 0.0103865 0.1299476 0.0000000 0.1520103 0.1326225 0.1293913 0.1326225 0.1442645 0.1293913 0.1326225 0.1442645 0.0000010 0.1172414 0.1626655 0.1261865 0.1510266 0.1292068 0.1235441 0.1579033 0.1256427 0.1482396 0.1256427 0.1482396 0.1256427 0.1476315 0.1256427 0.1476315 0.1326225 0.1331882 0.1442645 0.1326225 0.1403363 0.1516428 0.1403363 0.1488496 0.0124587 0.1035148 0.1110358 0.1035148 0.1110358 
PonAbe_chrY_LOC129053177-RBD1_40287231_Q13A_C2_-      0.1572212 0.1091790 0.0977331 0.1015098 0.1091790 0.1015098 0.1528036 0.0960610 0.0960610 0.1528036 0.1098003 0.1053248 0.1098003 0.1580297 0.1053248 0.1520103 0.0000000 0.0460549 0.0427129 0.0368567 0.0025967 0.0427129 0.0368567 0.0025967 0.1520103 0.0491819 0.0370693 0.0396647 0.0025967 0.0494665 0.0494665 0.0248654 0.0336576 0.0025967 0.0336576 0.0025967 0.0306980 0.0025967 0.0306980 0.0025967 0.0429586 0.0532584 0.0133155 0.0460549 0.0565036 0.0133896 0.0565036 0.0190392 0.1520103 0.0497542 0.0634602 0.0497542 0.0634602 
PonAbe_chrY_LOC129053200-RBD1_47246963_Q23.1A_C2_-    0.1430717 0.0867974 0.0839806 0.0811856 0.0867974 0.0867974 0.1397498 0.0662992 0.0662992 0.1397498 0.0843650 0.0811856 0.0843650 0.1436670 0.0811856 0.1326225 0.0460549 0.0000000 0.0082769 0.0168135 0.0351575 0.0082769 0.0168135 0.0351575 0.1326225 0.0234928 0.0450483 0.0103865 0.0398649 0.0247254 0.0302528 0.0446452 0.0167409 0.0400438 0.0167409 0.0400438 0.0145916 0.0375021 0.0145916 0.0375021 0.0103865 0.0282307 0.0446452 0.0000010 0.0258424 0.0424356 0.0258424 0.0402243 0.1397498 0.0477035 0.0559304 0.0477035 0.0559304 
PonAbe_chrY_LOC129053245-RBD1_40367975_Q13B_C2_t      0.1397498 0.0839806 0.0811856 0.0784121 0.0839806 0.0839806 0.1364555 0.0636769 0.0636769 0.1364555 0.0815583 0.0784121 0.0815583 0.1403363 0.0784121 0.1293913 0.0427129 0.0082769 0.0000000 0.0168135 0.0351575 0.0000010 0.0168135 0.0351575 0.1293913 0.0234928 0.0450483 0.0020275 0.0398649 0.0274556 0.0302528 0.0446452 0.0167409 0.0350014 0.0167409 0.0350014 0.0145916 0.0375021 0.0145916 0.0375021 0.0103865 0.0282307 0.0395114 0.0082769 0.0258424 0.0373354 0.0258424 0.0351575 0.1364555 0.0452524 0.0533876 0.0452524 0.0533876 
PonAbe_chrY_LOC129053245-RBD2_40367975_Q13B_C2_t      0.1430717 0.0867974 0.0839806 0.0811856 0.0867974 0.0867974 0.1397498 0.0662992 0.0662992 0.1397498 0.0843650 0.0811856 0.0843650 0.1436670 0.0811856 0.1326225 0.0368567 0.0168135 0.0168135 0.0000000 0.0305219 0.0168135 0.0000010 0.0305219 0.1326225 0.0234928 0.0354738 0.0189890 0.0305219 0.0276106 0.0212739 0.0305219 0.0040882 0.0306582 0.0040882 0.0306582 0.0061573 0.0282307 0.0061573 0.0282307 0.0189890 0.0168867 0.0398649 0.0168135 0.0213674 0.0329777 0.0213674 0.0354738 0.1397498 0.0477035 0.0559304 0.0477035 0.0559304 
PonAbe_chrY_LOC129053245-RBD3_40367975_Q13B_C2_t      0.1482396 0.0937640 0.0851421 0.0879940 0.0937640 0.0879940 0.1448642 0.0808155 0.0808155 0.1448642 0.0941916 0.0908679 0.0941916 0.1488496 0.0908679 0.1442645 0.0025967 0.0351575 0.0351575 0.0305219 0.0000000 0.0351575 0.0305219 0.0000010 0.1442645 0.0376703 0.0260725 0.0328308 0.0040717 0.0463213 0.0353150 0.0213674 0.0258424 0.0040882 0.0258424 0.0040882 0.0235963 0.0020275 0.0235963 0.0020275 0.0328308 0.0404063 0.0125124 0.0351575 0.0454582 0.0147183 0.0454582 0.0169606 0.1516428 0.0483602 0.0619232 0.0483602 0.0619232 
PonAbe_chrY_LOC129053304-RBD1_50717647_Q29A_C2_-      0.1397498 0.0839806 0.0811856 0.0784121 0.0839806 0.0839806 0.1364555 0.0636769 0.0636769 0.1364555 0.0815583 0.0784121 0.0815583 0.1403363 0.0784121 0.1293913 0.0427129 0.0082769 0.0000010 0.0168135 0.0351575 0.0000000 0.0168135 0.0351575 0.1293913 0.0234928 0.0450483 0.0020275 0.0398649 0.0274556 0.0302528 0.0446452 0.0167409 0.0350014 0.0167409 0.0350014 0.0145916 0.0375021 0.0145916 0.0375021 0.0103865 0.0282307 0.0395114 0.0082769 0.0258424 0.0373354 0.0258424 0.0351575 0.1364555 0.0452524 0.0533876 0.0452524 0.0533876 
PonAbe_chrY_LOC129053304-RBD2_50717647_Q29A_C2_-      0.1430717 0.0867974 0.0839806 0.0811856 0.0867974 0.0867974 0.1397498 0.0662992 0.0662992 0.1397498 0.0843650 0.0811856 0.0843650 0.1436670 0.0811856 0.1326225 0.0368567 0.0168135 0.0168135 0.0000010 0.0305219 0.0168135 0.0000000 0.0305219 0.1326225 0.0234928 0.0354738 0.0189890 0.0305219 0.0276106 0.0212739 0.0305219 0.0040882 0.0306582 0.0040882 0.0306582 0.0061573 0.0282307 0.0061573 0.0282307 0.0189890 0.0168867 0.0398649 0.0168135 0.0213674 0.0329777 0.0213674 0.0354738 0.1397498 0.0477035 0.0559304 0.0477035 0.0559304 
PonAbe_chrY_LOC129053304-RBD3_50717647_Q29A_C2_-      0.1482396 0.0937640 0.0851421 0.0879940 0.0937640 0.0879940 0.1448642 0.0808155 0.0808155 0.1448642 0.0941916 0.0908679 0.0941916 0.1488496 0.0908679 0.1442645 0.0025967 0.0351575 0.0351575 0.0305219 0.0000010 0.0351575 0.0305219 0.0000000 0.1442645 0.0376703 0.0260725 0.0328308 0.0040717 0.0463213 0.0353150 0.0213674 0.0258424 0.0040882 0.0258424 0.0040882 0.0235963 0.0020275 0.0235963 0.0020275 0.0328308 0.0404063 0.0125124 0.0351575 0.0454582 0.0147183 0.0454582 0.0169606 0.1516428 0.0483602 0.0619232 0.0483602 0.0619232 
PonPyg_chr2_DAZL-RBD1_137333547_NA_nonC_t             0.0103420 0.1131187 0.1256427 0.1224738 0.1131187 0.1288377 0.0082416 0.1090741 0.1090741 0.0082416 0.1337565 0.1299476 0.1337565 0.0103865 0.1299476 0.0000010 0.1520103 0.1326225 0.1293913 0.1326225 0.1442645 0.1293913 0.1326225 0.1442645 0.0000000 0.1172414 0.1626655 0.1261865 0.1510266 0.1292068 0.1235441 0.1579033 0.1256427 0.1482396 0.1256427 0.1482396 0.1256427 0.1476315 0.1256427 0.1476315 0.1326225 0.1331882 0.1442645 0.1326225 0.1403363 0.1516428 0.1403363 0.1488496 0.0124587 0.1035148 0.1110358 0.1035148 0.1110358 
PonPyg_chrY_LOC129025913-RBD1_33814768_Q18A_C2_-      0.1272820 0.0843650 0.0815583 0.0843650 0.0843650 0.0843650 0.1240832 0.0666030 0.0666030 0.1240832 0.0847522 0.0815583 0.0847522 0.1278337 0.0815583 0.1172414 0.0491819 0.0234928 0.0234928 0.0234928 0.0376703 0.0234928 0.0234928 0.0376703 0.1172414 0.0000000 0.0428200 0.0212739 0.0424356 0.0160586 0.0213674 0.0424356 0.0189890 0.0426270 0.0189890 0.0426270 0.0211812 0.0400438 0.0211812 0.0400438 0.0257289 0.0306582 0.0472748 0.0234928 0.0378399 0.0499471 0.0378399 0.0477035 0.1240832 0.0405899 0.0485828 0.0405899 0.0485828 
PonPyg_chrY_LOC129025913-RBD2_33814768_Q18A_C2_-      0.1668413 0.1095604 0.1005277 0.1035148 0.1095604 0.1035148 0.1633075 0.0929170 0.0929170 0.1633075 0.1070036 0.1035148 0.1070036 0.1674916 0.1035148 0.1626655 0.0370693 0.0450483 0.0450483 0.0354738 0.0260725 0.0450483 0.0354738 0.0260725 0.1626655 0.0428200 0.0000000 0.0426270 0.0306582 0.0597809 0.0260725 0.0258424 0.0306582 0.0307957 0.0306582 0.0307957 0.0329777 0.0283565 0.0329777 0.0283565 0.0474883 0.0456658 0.0353150 0.0450483 0.0508643 0.0378399 0.0508643 0.0356340 0.1704051 0.0642636 0.0732662 0.0642636 0.0732662 
PonPyg_chrY_LOC129025914-RBD1_33882908_Q18B_C2_t      0.1364555 0.0839806 0.0811856 0.0784121 0.0839806 0.0839806 0.1331882 0.0610748 0.0610748 0.1331882 0.0787730 0.0756599 0.0787730 0.1370330 0.0756599 0.1261865 0.0396647 0.0103865 0.0020275 0.0189890 0.0328308 0.0020275 0.0189890 0.0328308 0.1261865 0.0212739 0.0426270 0.0000000 0.0375021 0.0245869 0.0279822 0.0422458 0.0189068 0.0326852 0.0189068 0.0326852 0.0167409 0.0351575 0.0167409 0.0351575 0.0125124 0.0259570 0.0371700 0.0103865 0.0235963 0.0350014 0.0235963 0.0328308 0.1331882 0.0428200 0.0508643 0.0428200 0.0508643 
PonPyg_chrY_LOC129025914-RBD3_33882908_Q18B_C2_t      0.1550744 0.0996238 0.0908679 0.0937640 0.0996238 0.0937640 0.1516428 0.0864040 0.0864040 0.1516428 0.1000744 0.0966825 0.1000744 0.1557002 0.0966825 0.1510266 0.0025967 0.0398649 0.0398649 0.0305219 0.0040717 0.0398649 0.0305219 0.0040717 0.1510266 0.0424356 0.0306582 0.0375021 0.0000000 0.0463213 0.0400438 0.0213674 0.0258424 0.0040882 0.0258424 0.0040882 0.0281059 0.0020275 0.0281059 0.0020275 0.0375021 0.0452524 0.0125124 0.0398649 0.0504019 0.0147183 0.0504019 0.0213674 0.1585350 0.0533876 0.0672178 0.0533876 0.0672178 
PonPyg_chrY_LOC129025923-RBD1_42461501_Q31B_C2_t      0.1425708 0.1003535 0.0966138 0.1003535 0.1003535 0.1003535 0.1383122 0.0841442 0.0841442 0.1383122 0.1047262 0.1003535 0.1047262 0.1433342 0.1003535 0.1292068 0.0494665 0.0247254 0.0274556 0.0276106 0.0463213 0.0274556 0.0276106 0.0463213 0.1292068 0.0160586 0.0597809 0.0245869 0.0463213 0.0000000 0.0336576 0.0526429 0.0245869 0.0463213 0.0245869 0.0463213 0.0217462 0.0463213 0.0217462 0.0463213 0.0276106 0.0401230 0.0523399 0.0247254 0.0463213 0.0526429 0.0463213 0.0529490 0.1292068 0.0398927 0.0529490 0.0398927 0.0529490 
PonPyg_chrY_LOC129025923-RBD2_42461501_Q31B_C2_t      0.1337565 0.0843650 0.0871935 0.0900441 0.0843650 0.0900441 0.1305063 0.0719323 0.0719323 0.1305063 0.0904546 0.0871935 0.0904546 0.1343271 0.0871935 0.1235441 0.0494665 0.0302528 0.0302528 0.0212739 0.0353150 0.0302528 0.0212739 0.0353150 0.1235441 0.0213674 0.0260725 0.0279822 0.0400438 0.0336576 0.0000000 0.0424356 0.0168135 0.0402243 0.0168135 0.0402243 0.0189890 0.0376703 0.0189890 0.0376703 0.0325409 0.0306582 0.0400438 0.0302528 0.0354738 0.0426270 0.0354738 0.0404063 0.1305063 0.0454582 0.0536333 0.0454582 0.0536333 
PonPyg_chrY_LOC129025923-RBD3_42461501_Q31B_C2_t      0.1620250 0.1025897 0.0937640 0.0966825 0.1025897 0.0966825 0.1585350 0.0892326 0.0892326 0.1585350 0.1030501 0.0996238 0.1030501 0.1626655 0.0996238 0.1579033 0.0248654 0.0446452 0.0446452 0.0305219 0.0213674 0.0446452 0.0305219 0.0213674 0.1579033 0.0424356 0.0258424 0.0422458 0.0213674 0.0526429 0.0424356 0.0000000 0.0303868 0.0214616 0.0303868 0.0214616 0.0281059 0.0191555 0.0281059 0.0191555 0.0422458 0.0452524 0.0303868 0.0446452 0.0504019 0.0237007 0.0504019 0.0306582 0.1655450 0.0584927 0.0725941 0.0584927 0.0725941 
PonPyg_chrY_LOC129025942-RBD2_28033868_Q9.3B_C2_t     0.1358804 0.0835989 0.0808155 0.0780538 0.0835989 0.0835989 0.1326225 0.0633870 0.0633870 0.1326225 0.0811856 0.0780538 0.0811856 0.1364555 0.0780538 0.1256427 0.0336576 0.0167409 0.0167409 0.0040882 0.0258424 0.0167409 0.0040882 0.0258424 0.1256427 0.0189890 0.0306582 0.0189068 0.0258424 0.0245869 0.0168135 0.0303868 0.0000000 0.0259570 0.0000010 0.0259570 0.0061312 0.0235963 0.0061312 0.0235963 0.0189068 0.0213674 0.0350014 0.0167409 0.0259570 0.0328308 0.0259570 0.0353150 0.1326225 0.0426270 0.0506321 0.0426270 0.0506321 
PonPyg_chrY_LOC129025942-RBD3_28033868_Q9.3B_C2_t     0.1522609 0.0971217 0.0883985 0.0912840 0.0971217 0.0912840 0.1488496 0.0839806 0.0839806 0.1488496 0.0975636 0.0941916 0.0975636 0.1528809 0.0941916 0.1482396 0.0025967 0.0400438 0.0350014 0.0306582 0.0040882 0.0350014 0.0306582 0.0040882 0.1482396 0.0426270 0.0307957 0.0326852 0.0040882 0.0463213 0.0402243 0.0214616 0.0259570 0.0000000 0.0259570 0.0000010 0.0282307 0.0020363 0.0282307 0.0020363 0.0376703 0.0454582 0.0124587 0.0400438 0.0452524 0.0103865 0.0452524 0.0168867 0.1557002 0.0510984 0.0648597 0.0510984 0.0648597 
PonPyg_chrY_LOC129025944-RBD2_27937117_Q9.2A_C2_-     0.1358804 0.0835989 0.0808155 0.0780538 0.0835989 0.0835989 0.1326225 0.0633870 0.0633870 0.1326225 0.0811856 0.0780538 0.0811856 0.1364555 0.0780538 0.1256427 0.0336576 0.0167409 0.0167409 0.0040882 0.0258424 0.0167409 0.0040882 0.0258424 0.1256427 0.0189890 0.0306582 0.0189068 0.0258424 0.0245869 0.0168135 0.0303868 0.0000010 0.0259570 0.0000000 0.0259570 0.0061312 0.0235963 0.0061312 0.0235963 0.0189068 0.0213674 0.0350014 0.0167409 0.0259570 0.0328308 0.0259570 0.0353150 0.1326225 0.0426270 0.0506321 0.0426270 0.0506321 
PonPyg_chrY_LOC129025944-RBD3_27937117_Q9.2A_C2_-     0.1522609 0.0971217 0.0883985 0.0912840 0.0971217 0.0912840 0.1488496 0.0839806 0.0839806 0.1488496 0.0975636 0.0941916 0.0975636 0.1528809 0.0941916 0.1482396 0.0025967 0.0400438 0.0350014 0.0306582 0.0040882 0.0350014 0.0306582 0.0040882 0.1482396 0.0426270 0.0307957 0.0326852 0.0040882 0.0463213 0.0402243 0.0214616 0.0259570 0.0000010 0.0259570 0.0000000 0.0282307 0.0020363 0.0282307 0.0020363 0.0376703 0.0454582 0.0124587 0.0400438 0.0452524 0.0103865 0.0452524 0.0168867 0.1557002 0.0510984 0.0648597 0.0510984 0.0648597 
PonPyg_chrY_LOC129025945-RBD2_35664344_Q22.2A_C2_-    0.1358804 0.0808155 0.0780538 0.0753134 0.0808155 0.0808155 0.1326225 0.0633870 0.0633870 0.1326225 0.0811856 0.0780538 0.0811856 0.1364555 0.0780538 0.1256427 0.0306980 0.0145916 0.0145916 0.0061573 0.0235963 0.0145916 0.0061573 0.0235963 0.1256427 0.0211812 0.0329777 0.0167409 0.0281059 0.0217462 0.0189890 0.0281059 0.0061312 0.0282307 0.0061312 0.0282307 0.0000000 0.0258424 0.0000010 0.0258424 0.0124587 0.0191555 0.0326852 0.0145916 0.0237007 0.0305219 0.0237007 0.0283565 0.1326225 0.0402243 0.0531440 0.0402243 0.0531440 
PonPyg_chrY_LOC129025945-RBD3_35664344_Q22.2A_C2_-    0.1516428 0.0966825 0.0879940 0.0908679 0.0966825 0.0908679 0.1482396 0.0835989 0.0835989 0.1482396 0.0971217 0.0937640 0.0971217 0.1522609 0.0937640 0.1476315 0.0025967 0.0375021 0.0375021 0.0282307 0.0020275 0.0375021 0.0282307 0.0020275 0.1476315 0.0400438 0.0283565 0.0351575 0.0020275 0.0463213 0.0376703 0.0191555 0.0235963 0.0020363 0.0235963 0.0020363 0.0258424 0.0000000 0.0258424 0.0000010 0.0351575 0.0428200 0.0146547 0.0375021 0.0479206 0.0125666 0.0479206 0.0191555 0.1550744 0.0508643 0.0645604 0.0508643 0.0645604 
PonPyg_chrY_LOC129025947-RBD2_35731655_Q22.3B_C2_t    0.1358804 0.0808155 0.0780538 0.0753134 0.0808155 0.0808155 0.1326225 0.0633870 0.0633870 0.1326225 0.0811856 0.0780538 0.0811856 0.1364555 0.0780538 0.1256427 0.0306980 0.0145916 0.0145916 0.0061573 0.0235963 0.0145916 0.0061573 0.0235963 0.1256427 0.0211812 0.0329777 0.0167409 0.0281059 0.0217462 0.0189890 0.0281059 0.0061312 0.0282307 0.0061312 0.0282307 0.0000010 0.0258424 0.0000000 0.0258424 0.0124587 0.0191555 0.0326852 0.0145916 0.0237007 0.0305219 0.0237007 0.0283565 0.1326225 0.0402243 0.0531440 0.0402243 0.0531440 
PonPyg_chrY_LOC129025947-RBD3_35731655_Q22.3B_C2_t    0.1516428 0.0966825 0.0879940 0.0908679 0.0966825 0.0908679 0.1482396 0.0835989 0.0835989 0.1482396 0.0971217 0.0937640 0.0971217 0.1522609 0.0937640 0.1476315 0.0025967 0.0375021 0.0375021 0.0282307 0.0020275 0.0375021 0.0282307 0.0020275 0.1476315 0.0400438 0.0283565 0.0351575 0.0020275 0.0463213 0.0376703 0.0191555 0.0235963 0.0020363 0.0235963 0.0020363 0.0258424 0.0000010 0.0258424 0.0000000 0.0351575 0.0428200 0.0146547 0.0375021 0.0479206 0.0125666 0.0479206 0.0191555 0.1550744 0.0508643 0.0645604 0.0508643 0.0645604 
PonPyg_chrY_LOC129025960-RBD1_42384755_Q30A_C35_-     0.1430717 0.0867974 0.0839806 0.0811856 0.0867974 0.0867974 0.1397498 0.0689418 0.0689418 0.1397498 0.0871935 0.0839806 0.0871935 0.1436670 0.0839806 0.1326225 0.0429586 0.0103865 0.0103865 0.0189890 0.0328308 0.0103865 0.0189890 0.0328308 0.1326225 0.0257289 0.0474883 0.0125124 0.0375021 0.0276106 0.0325409 0.0422458 0.0189068 0.0376703 0.0189068 0.0376703 0.0124587 0.0351575 0.0124587 0.0351575 0.0000000 0.0305219 0.0422458 0.0103865 0.0329777 0.0400438 0.0329777 0.0378399 0.1397498 0.0452524 0.0584927 0.0452524 0.0584927 
PonPyg_chrY_LOC129025960-RBD2_42384755_Q30A_C35_-     0.1436670 0.0996238 0.0966825 0.0937640 0.0996238 0.0996238 0.1403363 0.0692573 0.0692573 0.1403363 0.0875924 0.0843650 0.0875924 0.1442645 0.0843650 0.1331882 0.0532584 0.0282307 0.0282307 0.0168867 0.0404063 0.0282307 0.0168867 0.0404063 0.1331882 0.0306582 0.0456658 0.0259570 0.0452524 0.0401230 0.0306582 0.0452524 0.0213674 0.0454582 0.0213674 0.0454582 0.0191555 0.0428200 0.0191555 0.0428200 0.0305219 0.0000000 0.0501735 0.0282307 0.0126762 0.0479206 0.0126762 0.0456658 0.1403363 0.0559304 0.0645604 0.0559304 0.0645604 
PonPyg_chrY_LOC129025960-RBD3_42384755_Q30A_C35_-     0.1482396 0.0966825 0.0937640 0.0966825 0.0966825 0.0966825 0.1448642 0.0892326 0.0892326 0.1448642 0.1030501 0.0996238 0.1030501 0.1488496 0.0996238 0.1442645 0.0133155 0.0446452 0.0395114 0.0398649 0.0125124 0.0395114 0.0398649 0.0125124 0.1442645 0.0472748 0.0353150 0.0371700 0.0125124 0.0523399 0.0400438 0.0303868 0.0350014 0.0124587 0.0350014 0.0124587 0.0326852 0.0146547 0.0326852 0.0146547 0.0422458 0.0501735 0.0000000 0.0446452 0.0499471 0.0103420 0.0499471 0.0125124 0.1516428 0.0559304 0.0698957 0.0559304 0.0698957 
PonPyg_chrY_LOC129025961-RBD1_26220121_Q7.1A_C2_-     0.1430717 0.0867974 0.0839806 0.0811856 0.0867974 0.0867974 0.1397498 0.0662992 0.0662992 0.1397498 0.0843650 0.0811856 0.0843650 0.1436670 0.0811856 0.1326225 0.0460549 0.0000010 0.0082769 0.0168135 0.0351575 0.0082769 0.0168135 0.0351575 0.1326225 0.0234928 0.0450483 0.0103865 0.0398649 0.0247254 0.0302528 0.0446452 0.0167409 0.0400438 0.0167409 0.0400438 0.0145916 0.0375021 0.0145916 0.0375021 0.0103865 0.0282307 0.0446452 0.0000000 0.0258424 0.0424356 0.0258424 0.0402243 0.1397498 0.0477035 0.0559304 0.0477035 0.0559304 
PonPyg_chrY_LOC129025961-RBD2_26220121_Q7.1A_C2_-     0.1510266 0.1060507 0.1030501 0.1000744 0.1060507 0.1060507 0.1476315 0.0749695 0.0749695 0.1476315 0.0937640 0.0904546 0.0937640 0.1516428 0.0904546 0.1403363 0.0565036 0.0258424 0.0258424 0.0213674 0.0454582 0.0258424 0.0213674 0.0454582 0.1403363 0.0378399 0.0508643 0.0235963 0.0504019 0.0463213 0.0354738 0.0504019 0.0259570 0.0452524 0.0259570 0.0452524 0.0237007 0.0479206 0.0237007 0.0479206 0.0329777 0.0126762 0.0499471 0.0258424 0.0000000 0.0477035 0.0000010 0.0454582 0.1476315 0.0613553 0.0702186 0.0613553 0.0702186 
PonPyg_chrY_LOC129025961-RBD3_26220121_Q7.1A_C2_-     0.1557002 0.0971217 0.0941916 0.0971217 0.0971217 0.0971217 0.1522609 0.0896364 0.0896364 0.1522609 0.1035148 0.1000744 0.1035148 0.1563279 0.1000744 0.1516428 0.0133896 0.0424356 0.0373354 0.0329777 0.0147183 0.0373354 0.0329777 0.0147183 0.1516428 0.0499471 0.0378399 0.0350014 0.0147183 0.0526429 0.0426270 0.0237007 0.0328308 0.0103865 0.0328308 0.0103865 0.0305219 0.0125666 0.0305219 0.0125666 0.0400438 0.0479206 0.0103420 0.0424356 0.0477035 0.0000000 0.0477035 0.0061573 0.1591683 0.0587616 0.0729289 0.0587616 0.0729289 
PonPyg_chrY_LOC129025963-RBD2_26306805_Q7.3B_C2_t     0.1510266 0.1060507 0.1030501 0.1000744 0.1060507 0.1060507 0.1476315 0.0749695 0.0749695 0.1476315 0.0937640 0.0904546 0.0937640 0.1516428 0.0904546 0.1403363 0.0565036 0.0258424 0.0258424 0.0213674 0.0454582 0.0258424 0.0213674 0.0454582 0.1403363 0.0378399 0.0508643 0.0235963 0.0504019 0.0463213 0.0354738 0.0504019 0.0259570 0.0452524 0.0259570 0.0452524 0.0237007 0.0479206 0.0237007 0.0479206 0.0329777 0.0126762 0.0499471 0.0258424 0.0000010 0.0477035 0.0000000 0.0454582 0.1476315 0.0613553 0.0702186 0.0613553 0.0702186 
PonPyg_chrY_LOC129025963-RBD3_26306805_Q7.3B_C2_t     0.1528809 0.0946221 0.0917029 0.0946221 0.0946221 0.0946221 0.1494618 0.0871935 0.0871935 0.1494618 0.1009839 0.0975636 0.1009839 0.1535028 0.0975636 0.1488496 0.0190392 0.0402243 0.0351575 0.0354738 0.0169606 0.0351575 0.0354738 0.0169606 0.1488496 0.0477035 0.0356340 0.0328308 0.0213674 0.0529490 0.0404063 0.0306582 0.0353150 0.0168867 0.0353150 0.0168867 0.0283565 0.0191555 0.0283565 0.0191555 0.0378399 0.0456658 0.0125124 0.0402243 0.0454582 0.0061573 0.0454582 0.0000000 0.1563279 0.0564471 0.0705440 0.0564471 0.0705440 
SymSyn_chr10_DAZL-RBD1_109881390_NA_nonC_-            0.0146547 0.1198540 0.1326225 0.1293913 0.1198540 0.1358804 0.0125124 0.1157017 0.1157017 0.0125124 0.1409251 0.1370330 0.1409251 0.0147183 0.1370330 0.0124587 0.1520103 0.1397498 0.1364555 0.1397498 0.1516428 0.1364555 0.1397498 0.1516428 0.0124587 0.1240832 0.1704051 0.1331882 0.1585350 0.1292068 0.1305063 0.1655450 0.1326225 0.1557002 0.1326225 0.1557002 0.1326225 0.1550744 0.1326225 0.1550744 0.1397498 0.1403363 0.1516428 0.1397498 0.1476315 0.1591683 0.1476315 0.1563279 0.0000000 0.1100495 0.1177593 0.1100495 0.1177593 
SymSyn_chrY_LOC129476757-RBD1_18127859_Q5B_nonC_t     0.1131187 0.0642636 0.0669092 0.0695753 0.0642636 0.0695753 0.1100495 0.0554221 0.0554221 0.1100495 0.0725941 0.0695753 0.0725941 0.1136214 0.0695753 0.1035148 0.0497542 0.0477035 0.0452524 0.0477035 0.0483602 0.0452524 0.0477035 0.0483602 0.1035148 0.0405899 0.0642636 0.0428200 0.0533876 0.0398927 0.0454582 0.0584927 0.0426270 0.0510984 0.0426270 0.0510984 0.0402243 0.0508643 0.0402243 0.0508643 0.0452524 0.0559304 0.0559304 0.0477035 0.0613553 0.0587616 0.0613553 0.0564471 0.1100495 0.0000000 0.0190719 0.0000010 0.0190719 
SymSyn_chrY_LOC129476757-RBD2_18127859_Q5B_nonC_t     0.1209094 0.0705440 0.0787730 0.0815583 0.0705440 0.0815583 0.1177593 0.0587616 0.0587616 0.1177593 0.0756599 0.0725941 0.0756599 0.1214412 0.0725941 0.1110358 0.0634602 0.0559304 0.0533876 0.0559304 0.0619232 0.0533876 0.0559304 0.0619232 0.1110358 0.0485828 0.0732662 0.0508643 0.0672178 0.0529490 0.0536333 0.0725941 0.0506321 0.0648597 0.0506321 0.0648597 0.0531440 0.0645604 0.0531440 0.0645604 0.0584927 0.0645604 0.0698957 0.0559304 0.0702186 0.0729289 0.0702186 0.0705440 0.1177593 0.0190719 0.0000000 0.0190719 0.0000010 
SymSyn_chrY_LOC129476758-RBD1_18081065_Q5A_nonC_-     0.1131187 0.0642636 0.0669092 0.0695753 0.0642636 0.0695753 0.1100495 0.0554221 0.0554221 0.1100495 0.0725941 0.0695753 0.0725941 0.1136214 0.0695753 0.1035148 0.0497542 0.0477035 0.0452524 0.0477035 0.0483602 0.0452524 0.0477035 0.0483602 0.1035148 0.0405899 0.0642636 0.0428200 0.0533876 0.0398927 0.0454582 0.0584927 0.0426270 0.0510984 0.0426270 0.0510984 0.0402243 0.0508643 0.0402243 0.0508643 0.0452524 0.0559304 0.0559304 0.0477035 0.0613553 0.0587616 0.0613553 0.0564471 0.1100495 0.0000010 0.0190719 0.0000000 0.0190719 
SymSyn_chrY_LOC129476758-RBD2_18081065_Q5A_nonC_-     0.1209094 0.0705440 0.0787730 0.0815583 0.0705440 0.0815583 0.1177593 0.0587616 0.0587616 0.1177593 0.0756599 0.0725941 0.0756599 0.1214412 0.0725941 0.1110358 0.0634602 0.0559304 0.0533876 0.0559304 0.0619232 0.0533876 0.0559304 0.0619232 0.1110358 0.0485828 0.0732662 0.0508643 0.0672178 0.0529490 0.0536333 0.0725941 0.0506321 0.0648597 0.0506321 0.0648597 0.0531440 0.0645604 0.0531440 0.0645604 0.0584927 0.0645604 0.0698957 0.0559304 0.0702186 0.0729289 0.0702186 0.0705440 0.1177593 0.0190719 0.0000010 0.0190719 0.0000000 
