37
GorGor_chrY_LOC129530301-exPG_16914474_nonP-closest-Q4.A-at-199039_nonC_t 0.0000000 0.0058745 0.0023410 0.0154388 0.0226607 0.0214198 0.0226537 0.0214515 0.0214399 0.0226592 0.0615881 0.0576652 0.0602517 0.0576961 0.0592851 0.0603588 0.0590249 0.0590451 0.0589347 0.0576205 0.0614797 0.0576389 0.0615865 0.0563238 0.0591154 0.0629113 0.0642415 0.0605375 0.0576064 0.0558377 0.4514194 0.4397570 0.4442507 0.4466333 0.4407121 0.4422131 0.4500925 
GorGor_chrY_LOC129530299-exPG_18481620_nonP-closest-Q7.B-at-37060_nonC_t  0.0058745 0.0000000 0.0035161 0.0166483 0.0238849 0.0226396 0.0238775 0.0226731 0.0226609 0.0238833 0.0615617 0.0602630 0.0628573 0.0602945 0.0619010 0.0629680 0.0616287 0.0616499 0.0615345 0.0602155 0.0640861 0.0602353 0.0641976 0.0589154 0.0617233 0.0628854 0.0642142 0.0633296 0.0602008 0.0597579 0.4495180 0.4378676 0.4423580 0.4447373 0.4388262 0.4403280 0.4481884 
GorGor_chrY_LOC129530297-exPG_17829216_nonP-closest-Q7.A-at-37178_nonC_-  0.0023410 0.0035161 0.0000000 0.0130314 0.0202251 0.0189927 0.0202188 0.0190207 0.0190104 0.0202237 0.0589213 0.0576273 0.0602120 0.0576581 0.0592458 0.0603189 0.0589860 0.0590062 0.0588959 0.0575826 0.0614392 0.0576009 0.0615459 0.0562868 0.0590764 0.0602383 0.0615611 0.0604948 0.0575685 0.0558013 0.4465101 0.4349105 0.4393829 0.4417520 0.4358718 0.4373705 0.4451795 
HomSap_chrY_CDY1_26434508_nonP-closest-Q12B-at-66643_nonC_t               0.0154388 0.0166483 0.0130314 0.0000000 0.0094546 0.0142220 0.0154370 0.0142431 0.0142353 0.0154407 0.0590543 0.0590781 0.0590258 0.0564702 0.0566439 0.0591308 0.0577980 0.0578177 0.0577095 0.0563960 0.0602560 0.0590509 0.0603606 0.0577309 0.0578867 0.0603753 0.0617012 0.0591301 0.0563822 0.0559272 0.4592346 0.4474601 0.4519936 0.4543989 0.4484063 0.4499137 0.4627369 
HomSap_chrY_CDY2A_18932262_Q4B_nonC_t                                     0.0226607 0.0238849 0.0202251 0.0094546 0.0000000 0.0238535 0.0250950 0.0238889 0.0238760 0.0251011 0.0655801 0.0669243 0.0681995 0.0656213 0.0672661 0.0683208 0.0669686 0.0669917 0.0668660 0.0655354 0.0694313 0.0668931 0.0668940 0.0655583 0.0670714 0.0669121 0.0682504 0.0704966 0.0655194 0.0623687 0.4685671 0.4566784 0.4612507 0.4636797 0.4576120 0.4591237 0.4721223 
PanPan_chrY_LOC129395542-exPG_7871634_nonP-closest-Q22B-at-452392_nonC_t  0.0214198 0.0226396 0.0189927 0.0142220 0.0238535 0.0000000 0.0035037 0.0023348 0.0023335 0.0035046 0.0641644 0.0641904 0.0654618 0.0628931 0.0618528 0.0655780 0.0642336 0.0642557 0.0641354 0.0628118 0.0666911 0.0641606 0.0668072 0.0628330 0.0643320 0.0654917 0.0668253 0.0646996 0.0627965 0.0583624 0.4663646 0.4545250 0.4590793 0.4614984 0.4530976 0.4546034 0.4674910 
PanTro_chrY_LOC129388401-exPG_20105906_Q7.1B_C38_-                        0.0226537 0.0238775 0.0202188 0.0154370 0.0250950 0.0035037 0.0000000 0.0035089 0.0011651 0.0023331 0.0655577 0.0655843 0.0668582 0.0642840 0.0659192 0.0669771 0.0656281 0.0656507 0.0655276 0.0641998 0.0680894 0.0655538 0.0682083 0.0642219 0.0657288 0.0668893 0.0682271 0.0690545 0.0641841 0.0623475 0.4694562 0.4575643 0.4621376 0.4645672 0.4561234 0.4576328 0.4705942 
PanTro_chrY_LOC745547_5358723_nonP-closest-Q14B-at-988449_nonC_t          0.0214515 0.0226731 0.0190207 0.0142431 0.0238889 0.0023348 0.0035089 0.0000000 0.0023369 0.0035097 0.0642627 0.0642888 0.0655620 0.0629895 0.0646162 0.0656786 0.0643320 0.0643532 0.0642336 0.0629069 0.0667931 0.0642589 0.0669096 0.0629283 0.0644299 0.0655921 0.0669277 0.0676620 0.0628915 0.0610686 0.4672336 0.4553691 0.4599326 0.4623566 0.4539367 0.4554450 0.4683643 
PanTro_chrY_LOC744070_10716099_Q11B_nonC_-                                0.0214399 0.0226609 0.0190104 0.0142353 0.0238760 0.0023335 0.0011651 0.0023369 0.0000000 0.0011654 0.0642289 0.0642550 0.0655276 0.0629563 0.0645821 0.0656441 0.0642982 0.0643203 0.0641998 0.0628748 0.0667582 0.0642252 0.0668746 0.0628951 0.0643959 0.0655577 0.0668927 0.0676240 0.0628594 0.0610366 0.4670500 0.4551887 0.4597511 0.4621745 0.4537571 0.4552651 0.4681800 
PanTro_chrY_LOC739157_10854594_Q11A_nonC_t                                0.0226592 0.0238833 0.0202237 0.0154407 0.0251011 0.0035046 0.0023331 0.0035097 0.0011654 0.0000000 0.0655737 0.0656004 0.0668746 0.0642997 0.0659354 0.0643398 0.0656441 0.0656668 0.0655436 0.0642155 0.0681060 0.0655698 0.0682250 0.0642376 0.0657449 0.0669056 0.0682438 0.0690726 0.0641998 0.0623626 0.4676339 0.4557583 0.4603260 0.4627523 0.4543237 0.4558330 0.4687666 
PonAbe_chrY_LOC129053503_51692121_Q30B_C1_t                               0.0615881 0.0615617 0.0589213 0.0590543 0.0655801 0.0641644 0.0655577 0.0642627 0.0642289 0.0655737 0.0000000 0.0142746 0.0406162 0.0355981 0.0460617 0.0406878 0.0394044 0.0368833 0.0393448 0.0380759 0.0418297 0.0142688 0.0393605 0.0130660 0.0369271 0.0011735 0.0023494 0.0491157 0.0380666 0.0670728 0.5015022 0.4890800 0.4938395 0.4963783 0.4877550 0.4892977 0.5030225 
PonAbe_chrY_LOC129053496_50227701_nonP-closest-Q28A-at-16957_nonC_-       0.0576652 0.0602630 0.0576273 0.0590781 0.0669243 0.0641904 0.0655843 0.0642888 0.0642550 0.0656004 0.0142746 0.0000000 0.0380966 0.0356119 0.0435049 0.0381637 0.0368855 0.0368976 0.0368296 0.0355653 0.0393093 0.0023457 0.0393759 0.0011716 0.0369414 0.0154797 0.0166880 0.0463848 0.0355566 0.0697686 0.4988844 0.4864887 0.4912396 0.4937729 0.4876849 0.4892285 0.5003958 
PonAbe_chrY_LOC129053476_45770263_Q20B_C1_t                               0.0602517 0.0628573 0.0602120 0.0590258 0.0681995 0.0654618 0.0668582 0.0655620 0.0655276 0.0668746 0.0406162 0.0380966 0.0000000 0.0118569 0.0315961 0.0047029 0.0035228 0.0130622 0.0035177 0.0023428 0.0129801 0.0380800 0.0058758 0.0368118 0.0130774 0.0418903 0.0431692 0.0350255 0.0118001 0.0683634 0.4997794 0.4874569 0.4921793 0.4946977 0.4861462 0.4876783 0.5012837 
PonAbe_chrY_LOC129053442_37080427_Q7B_C1_t                                0.0576961 0.0602945 0.0576581 0.0564702 0.0656213 0.0628931 0.0642840 0.0629895 0.0629563 0.0642997 0.0355981 0.0356119 0.0118569 0.0000000 0.0291443 0.0118774 0.0106764 0.0011703 0.0106606 0.0094667 0.0130376 0.0355965 0.0130588 0.0343320 0.0011717 0.0368637 0.0381336 0.0324056 0.0118525 0.0671145 0.4985245 0.4862032 0.4909259 0.4934440 0.4848954 0.4864287 0.5000258 
PonAbe_chrY_LOC129053440_35954132_Q5.1B_C1_t                              0.0592851 0.0619010 0.0592458 0.0566439 0.0672661 0.0618528 0.0659192 0.0646162 0.0645821 0.0659354 0.0460617 0.0435049 0.0315961 0.0291443 0.0000000 0.0316513 0.0303956 0.0304054 0.0303499 0.0291063 0.0327980 0.0434856 0.0328528 0.0421969 0.0304413 0.0473562 0.0486558 0.0012525 0.0290992 0.0671975 0.5117565 0.5042814 0.5040124 0.5065763 0.4978501 0.4993973 0.5133144 
PonAbe_chrY_LOC129053358_52467350_Q31B_C1_t                               0.0603588 0.0629680 0.0603189 0.0591308 0.0683208 0.0655780 0.0669771 0.0656786 0.0656441 0.0643398 0.0406878 0.0381637 0.0047029 0.0118774 0.0316513 0.0000000 0.0011704 0.0130847 0.0035237 0.0023468 0.0130023 0.0381470 0.0058859 0.0368766 0.0131000 0.0419641 0.0432453 0.0350907 0.0118203 0.0684853 0.4985521 0.4862254 0.4909501 0.4934694 0.4849169 0.4864509 0.5000543 
PonAbe_chrY_LOC129053357_52307689_Q4A_C3_-                                0.0590249 0.0616287 0.0589860 0.0577980 0.0669686 0.0642336 0.0656281 0.0643320 0.0642982 0.0656441 0.0394044 0.0368855 0.0035228 0.0106764 0.0303956 0.0011704 0.0000000 0.0118804 0.0023462 0.0011720 0.0118057 0.0368694 0.0047029 0.0356019 0.0118944 0.0406778 0.0419559 0.0337456 0.0106252 0.0671295 0.4979286 0.4856167 0.4903361 0.4928523 0.4843112 0.4858439 0.4994276 
PonAbe_chrY_LOC129053199_46540858_Q21.2B_C1_t                             0.0590451 0.0616499 0.0590062 0.0578177 0.0669917 0.0642557 0.0656507 0.0643532 0.0643203 0.0656668 0.0368833 0.0368976 0.0130622 0.0011703 0.0304054 0.0130847 0.0118804 0.0000000 0.0118628 0.0106659 0.0142442 0.0368815 0.0142673 0.0356137 0.0023469 0.0381522 0.0394256 0.0324056 0.0130572 0.0684923 0.4990628 0.4867211 0.4914512 0.4939735 0.4879115 0.4894483 0.5005678 
PonAbe_chrY_LOC129053180_42034652_Q15B_C1_t                               0.0589347 0.0615345 0.0588959 0.0577095 0.0668660 0.0641354 0.0655276 0.0642336 0.0641998 0.0655436 0.0393448 0.0368296 0.0035177 0.0106606 0.0303499 0.0035237 0.0023462 0.0118628 0.0000000 0.0011702 0.0117883 0.0368136 0.0046960 0.0355481 0.0118767 0.0406162 0.0418924 0.0323606 0.0106095 0.0670264 0.4997794 0.4874569 0.4921793 0.4946977 0.4861462 0.4876783 0.5012837 
PonAbe_chrY_LOC129053178_41874974_Q15A_C1_-                               0.0576205 0.0602155 0.0575826 0.0563960 0.0655354 0.0628118 0.0641998 0.0629069 0.0628748 0.0642155 0.0380759 0.0355653 0.0023428 0.0094667 0.0291063 0.0023468 0.0011720 0.0106659 0.0011702 0.0000000 0.0105990 0.0355498 0.0035185 0.0342870 0.0106784 0.0393448 0.0406182 0.0323606 0.0094213 0.0656923 0.4972866 0.4849963 0.4897078 0.4922196 0.4836945 0.4852253 0.4987815 
PonAbe_chrY_LOC129053145_56048677_Q36B_C1_t                               0.0614797 0.0640861 0.0614392 0.0602560 0.0694313 0.0666911 0.0680894 0.0667931 0.0667582 0.0681060 0.0418297 0.0393093 0.0129801 0.0130376 0.0327980 0.0130023 0.0118057 0.0142442 0.0117883 0.0105990 0.0000000 0.0392922 0.0141775 0.0380232 0.0142608 0.0431044 0.0443841 0.0349869 0.0035114 0.0709387 0.5011878 0.4888648 0.4935866 0.4961051 0.4875508 0.4890814 0.4979190 
PonAbe_chrY_LOC129053139_54584688_nonP-closest-Q34A-at-16949_nonC_-       0.0576389 0.0602353 0.0576009 0.0590509 0.0668931 0.0641606 0.0655538 0.0642589 0.0642252 0.0655698 0.0142688 0.0023457 0.0380800 0.0355965 0.0434856 0.0381470 0.0368694 0.0368815 0.0368136 0.0355498 0.0392922 0.0000000 0.0393586 0.0011712 0.0369253 0.0154734 0.0166811 0.0463627 0.0355412 0.0697358 0.4983852 0.4860088 0.4907526 0.4932820 0.4872042 0.4887459 0.4998931 
PonPyg_chrY_LOC129025721-exPG_29831016_Q11B_C1_t                          0.0615865 0.0641976 0.0615459 0.0603606 0.0668940 0.0668072 0.0682083 0.0669096 0.0668746 0.0682250 0.0393605 0.0393759 0.0058758 0.0130588 0.0328528 0.0058859 0.0047029 0.0142673 0.0046960 0.0035185 0.0141775 0.0393586 0.0000000 0.0380875 0.0142840 0.0406326 0.0419093 0.0363716 0.0129961 0.0670545 0.4998427 0.4875200 0.4922425 0.4947609 0.4862091 0.4877411 0.5013471 
PonPyg_chrY_LOC129025917_33323942_nonP-closest-Q16A-at-16966_nonC_-       0.0563238 0.0589154 0.0562868 0.0577309 0.0655583 0.0628330 0.0642219 0.0629283 0.0628951 0.0642376 0.0130660 0.0011716 0.0368118 0.0343320 0.0421969 0.0368766 0.0356019 0.0356137 0.0355481 0.0342870 0.0380232 0.0011712 0.0380875 0.0000000 0.0356559 0.0142681 0.0154734 0.0449856 0.0342786 0.0683915 0.4958413 0.4834979 0.4882301 0.4907526 0.4846957 0.4862359 0.4973384 
PonPyg_chrY_LOC129025902_29061134_Q10.1B_C1_t                             0.0591154 0.0617233 0.0590764 0.0578867 0.0670714 0.0643320 0.0657288 0.0644299 0.0643959 0.0657449 0.0369271 0.0369414 0.0130774 0.0011717 0.0304413 0.0131000 0.0118944 0.0023469 0.0118767 0.0106784 0.0142608 0.0369253 0.0142840 0.0356559 0.0000000 0.0381974 0.0394723 0.0337997 0.0130725 0.0685740 0.4996884 0.4873318 0.4920673 0.4945927 0.4860177 0.4875542 0.5011966 
PonPyg_chrY_LOC129025901_36614912_Q23B_C1_t                               0.0629113 0.0628854 0.0602383 0.0603753 0.0669121 0.0654917 0.0668893 0.0655921 0.0655577 0.0669056 0.0011735 0.0154797 0.0418903 0.0368637 0.0473562 0.0419641 0.0406778 0.0381522 0.0406162 0.0393448 0.0431044 0.0154734 0.0406326 0.0142681 0.0381974 0.0000000 0.0011735 0.0504995 0.0393352 0.0684111 0.5040216 0.4915667 0.4963373 0.4988820 0.4902325 0.4917766 0.5055514 
PonPyg_chrY_LOC129025898_36502421_Q23A_C1_-                               0.0642415 0.0642142 0.0615611 0.0617012 0.0682504 0.0668253 0.0682271 0.0669277 0.0668927 0.0682438 0.0023494 0.0166880 0.0431692 0.0381336 0.0486558 0.0432453 0.0419559 0.0394256 0.0418924 0.0406182 0.0443841 0.0166811 0.0419093 0.0154734 0.0394723 0.0011735 0.0000000 0.0518891 0.0406083 0.0670728 0.5015022 0.4890800 0.4938395 0.4963783 0.4877550 0.4892977 0.5030225 
PonPyg_chrY_LOC129025896_25891571_Q5.1A_C1_-                              0.0605375 0.0633296 0.0604948 0.0591301 0.0704966 0.0646996 0.0690545 0.0676620 0.0676240 0.0690726 0.0491157 0.0463848 0.0350255 0.0324056 0.0012525 0.0350907 0.0337456 0.0324056 0.0323606 0.0323606 0.0349869 0.0463627 0.0363716 0.0449856 0.0337997 0.0504995 0.0518891 0.0000000 0.0323523 0.0704203 0.5213941 0.5133491 0.5130545 0.5158133 0.5118876 0.5135450 0.5171450 
PonPyg_chrY_LOC129025890_34656667_Q19A_C1_-                               0.0576064 0.0602008 0.0575685 0.0563822 0.0655194 0.0627965 0.0641841 0.0628915 0.0628594 0.0641998 0.0380666 0.0355566 0.0118001 0.0118525 0.0290992 0.0118203 0.0106252 0.0130572 0.0106095 0.0094213 0.0035114 0.0355412 0.0129961 0.0342786 0.0130725 0.0393352 0.0406083 0.0323523 0.0000000 0.0670100 0.4994522 0.4871398 0.4918586 0.4943749 0.4858308 0.4873620 0.5009546 
SymSyn_chrY_LOC129476678_19362995_Q6.1A_nonC_-                            0.0558377 0.0597579 0.0558013 0.0559272 0.0623687 0.0583624 0.0623475 0.0610686 0.0610366 0.0623626 0.0670728 0.0697686 0.0683634 0.0671145 0.0671975 0.0684853 0.0671295 0.0684923 0.0670264 0.0656923 0.0709387 0.0697358 0.0670545 0.0683915 0.0685740 0.0684111 0.0670728 0.0704203 0.0670100 0.0000000 0.4974833 0.4852202 0.4852202 0.4877151 0.4856547 0.4844441 0.4961903 
GorGor_chr5_CDYL_22394017_NA_nonC_t                                       0.4514194 0.4495180 0.4465101 0.4592346 0.4685671 0.4663646 0.4694562 0.4672336 0.4670500 0.4676339 0.5015022 0.4988844 0.4997794 0.4985245 0.5117565 0.4985521 0.4979286 0.4990628 0.4997794 0.4972866 0.5011878 0.4983852 0.4998427 0.4958413 0.4996884 0.5040216 0.5015022 0.5213941 0.4994522 0.4974833 0.0000000 0.0056559 0.0056559 0.0045204 0.0159905 0.0148141 0.0125336 
HomSap_chr6_CDYL_4575080_NA_nonC_t                                        0.4397570 0.4378676 0.4349105 0.4474601 0.4566784 0.4545250 0.4575643 0.4553691 0.4551887 0.4557583 0.4890800 0.4864887 0.4874569 0.4862032 0.5042814 0.4862254 0.4856167 0.4867211 0.4874569 0.4849963 0.4888648 0.4860088 0.4875200 0.4834979 0.4873318 0.4915667 0.4890800 0.5133491 0.4871398 0.4852202 0.0056559 0.0000000 0.0045212 0.0033877 0.0148365 0.0136637 0.0113851 
PanPan_chr5_CDYL_19400677_NA_nonC_t                                       0.4442507 0.4423580 0.4393829 0.4519936 0.4612507 0.4590793 0.4621376 0.4599326 0.4597511 0.4603260 0.4938395 0.4912396 0.4921793 0.4909259 0.5040124 0.4909501 0.4903361 0.4914512 0.4921793 0.4897078 0.4935866 0.4907526 0.4922425 0.4882301 0.4920673 0.4963373 0.4938395 0.5130545 0.4918586 0.4852202 0.0056559 0.0045212 0.0000000 0.0011272 0.0148365 0.0136637 0.0113851 
PanTro_chr5_CDYL_10660151_NA_nonC_t                                       0.4466333 0.4447373 0.4417520 0.4543989 0.4636797 0.4614984 0.4645672 0.4623566 0.4621745 0.4627523 0.4963783 0.4937729 0.4946977 0.4934440 0.5065763 0.4934694 0.4928523 0.4939735 0.4946977 0.4922196 0.4961051 0.4932820 0.4947609 0.4907526 0.4945927 0.4988820 0.4963783 0.5158133 0.4943749 0.4877151 0.0045204 0.0033877 0.0011272 0.0000000 0.0136822 0.0125131 0.0102368 
PonAbe_chr5_CDYL_4587803_NA_nonC_t                                        0.4407121 0.4388262 0.4358718 0.4484063 0.4576120 0.4530976 0.4561234 0.4539367 0.4537571 0.4543237 0.4877550 0.4876849 0.4861462 0.4848954 0.4978501 0.4849169 0.4843112 0.4879115 0.4861462 0.4836945 0.4875508 0.4872042 0.4862091 0.4846957 0.4860177 0.4902325 0.4877550 0.5118876 0.4858308 0.4856547 0.0159905 0.0148365 0.0148365 0.0136822 0.0000000 0.0022535 0.0171801 
PonPyg_chr5_CDYL_4592538_NA_nonC_t                                        0.4422131 0.4403280 0.4373705 0.4499137 0.4591237 0.4546034 0.4576328 0.4554450 0.4552651 0.4558330 0.4892977 0.4892285 0.4876783 0.4864287 0.4993973 0.4864509 0.4858439 0.4894483 0.4876783 0.4852253 0.4890814 0.4887459 0.4877411 0.4862359 0.4875542 0.4917766 0.4892977 0.5135450 0.4873620 0.4844441 0.0148141 0.0136637 0.0136637 0.0125131 0.0022535 0.0000000 0.0159977 
SymSyn_chr23_CDYL_65930269_NA_nonC_-                                      0.4500925 0.4481884 0.4451795 0.4627369 0.4721223 0.4674910 0.4705942 0.4683643 0.4681800 0.4687666 0.5030225 0.5003958 0.5012837 0.5000258 0.5133144 0.5000543 0.4994276 0.5005678 0.5012837 0.4987815 0.4979190 0.4998931 0.5013471 0.4973384 0.5011966 0.5055514 0.5030225 0.5171450 0.5009546 0.4961903 0.0125336 0.0113851 0.0113851 0.0102368 0.0171801 0.0159977 0.0000000 
