21
HomSap_chrY_HSFY1_-_86614_-_HSFY1_CDS                              0.0000000 0.0000010 0.0348377 0.0385096 0.0348377 0.0360487 0.0360487 0.0372830 0.0360487 0.0372830 0.0372962 0.0501653 0.0501653 0.0501653 0.0501653 0.0501653 0.0450224 0.0350537 0.0285500 0.0285220 0.0253358 
HomSap_chrY_HSFY2_-_159119_-_HSFY2_CDS__reversed_                  0.0000010 0.0000000 0.0348377 0.0385096 0.0348377 0.0360487 0.0360487 0.0372830 0.0360487 0.0372830 0.0372962 0.0501653 0.0501653 0.0501653 0.0501653 0.0501653 0.0450224 0.0350537 0.0285500 0.0285220 0.0253358 
PonPyg_chrY_LOC129025837_-_129025837_-_LOC129025837_CDS__reversed_ 0.0348377 0.0348377 0.0000000 0.0034781 0.0000010 0.0011575 0.0011575 0.0023168 0.0011575 0.0023168 0.0023176 0.0408413 0.0408413 0.0408413 0.0408413 0.0408413 0.0483743 0.0383467 0.0318093 0.0317780 0.0285800 
PonPyg_chrY_LOC129025904_-_129025904_-_LOC129025904_CDS            0.0385096 0.0385096 0.0034781 0.0000000 0.0034781 0.0023159 0.0023159 0.0034777 0.0023159 0.0034777 0.0034789 0.0445233 0.0445233 0.0445233 0.0445233 0.0445233 0.0483743 0.0383467 0.0318093 0.0317780 0.0285800 
PonPyg_chrY_LOC129025964_-_129025964_-_LOC129025964_CDS            0.0348377 0.0348377 0.0000010 0.0034781 0.0000000 0.0011575 0.0011575 0.0023168 0.0011575 0.0023168 0.0023176 0.0408413 0.0408413 0.0408413 0.0408413 0.0408413 0.0483743 0.0383467 0.0318093 0.0317780 0.0285800 
PonPyg_chrY_LOC129025967_-_129025967_-_LOC129025967_CDS            0.0360487 0.0360487 0.0011575 0.0023159 0.0011575 0.0000000 0.0000010 0.0011574 0.0000010 0.0011574 0.0011578 0.0420537 0.0420537 0.0420537 0.0420537 0.0420537 0.0483743 0.0383467 0.0318093 0.0317780 0.0285800 
PonAbe_chrY_LOC129053171_-_129053171_-_LOC129053171_CDS__reversed_ 0.0360487 0.0360487 0.0011575 0.0023159 0.0011575 0.0000010 0.0000000 0.0011574 0.0000010 0.0011574 0.0011578 0.0420537 0.0420537 0.0420537 0.0420537 0.0420537 0.0483743 0.0383467 0.0318093 0.0317780 0.0285800 
PonAbe_chrY_LOC129053184_-_129053184_-_LOC129053184_CDS__reversed_ 0.0372830 0.0372830 0.0023168 0.0034777 0.0023168 0.0011574 0.0011574 0.0000000 0.0011574 0.0000010 0.0023173 0.0432930 0.0432930 0.0432930 0.0432930 0.0432930 0.0483743 0.0383467 0.0318093 0.0317780 0.0285800 
PonAbe_chrY_LOC129053190_-_129053190_-_LOC129053190_CDS__reversed_ 0.0360487 0.0360487 0.0011575 0.0023159 0.0011575 0.0000010 0.0000010 0.0011574 0.0000000 0.0011574 0.0011578 0.0420537 0.0420537 0.0420537 0.0420537 0.0420537 0.0483743 0.0383467 0.0318093 0.0317780 0.0285800 
PonAbe_chrY_LOC129053362_-_129053362_-_LOC129053362_CDS            0.0372830 0.0372830 0.0023168 0.0034777 0.0023168 0.0011574 0.0011574 0.0000010 0.0011574 0.0000000 0.0023173 0.0432930 0.0432930 0.0432930 0.0432930 0.0432930 0.0483743 0.0383467 0.0318093 0.0317780 0.0285800 
PonAbe_chrY_LOC129053487_-_129053487_-_LOC129053487_CDS__reversed_ 0.0372962 0.0372962 0.0023176 0.0034789 0.0023176 0.0011578 0.0011578 0.0023173 0.0011578 0.0023173 0.0000000 0.0433084 0.0433084 0.0433084 0.0433084 0.0433084 0.0517714 0.0416783 0.0351042 0.0350696 0.0318591 
SymSyn_chrY_LOC129476741_-_129476741_-_LOC129476741_CDS            0.0501653 0.0501653 0.0408413 0.0445233 0.0408413 0.0420537 0.0420537 0.0432930 0.0420537 0.0432930 0.0433084 0.0000000 0.0000010 0.0000010 0.0000010 0.0000010 0.0613676 0.0544795 0.0445974 0.0478010 0.0445826 
SymSyn_chrY_LOC129476748_-_129476748_-_LOC129476748_CDS__reversed_ 0.0501653 0.0501653 0.0408413 0.0445233 0.0408413 0.0420537 0.0420537 0.0432930 0.0420537 0.0432930 0.0433084 0.0000010 0.0000000 0.0000010 0.0000010 0.0000010 0.0613676 0.0544795 0.0445974 0.0478010 0.0445826 
SymSyn_chrY_LOC129476753_-_129476753_-_LOC129476753_CDS            0.0501653 0.0501653 0.0408413 0.0445233 0.0408413 0.0420537 0.0420537 0.0432930 0.0420537 0.0432930 0.0433084 0.0000010 0.0000010 0.0000000 0.0000010 0.0000010 0.0613676 0.0544795 0.0445974 0.0478010 0.0445826 
SymSyn_chrY_LOC129476760_-_129476760_-_LOC129476760_CDS__reversed_ 0.0501653 0.0501653 0.0408413 0.0445233 0.0408413 0.0420537 0.0420537 0.0432930 0.0420537 0.0432930 0.0433084 0.0000010 0.0000010 0.0000010 0.0000000 0.0000010 0.0613676 0.0544795 0.0445974 0.0478010 0.0445826 
SymSyn_chrY_LOC129476768_-_129476768_-_LOC129476768_CDS__reversed_ 0.0501653 0.0501653 0.0408413 0.0445233 0.0408413 0.0420537 0.0420537 0.0432930 0.0420537 0.0432930 0.0433084 0.0000010 0.0000010 0.0000010 0.0000010 0.0000000 0.0613676 0.0544795 0.0445974 0.0478010 0.0445826 
GorGor_chrY_LOC129530208_-_129530208_-_LOC129530208_CDS            0.0450224 0.0450224 0.0483743 0.0483743 0.0483743 0.0483743 0.0483743 0.0483743 0.0483743 0.0483743 0.0517714 0.0613676 0.0613676 0.0613676 0.0613676 0.0613676 0.0000000 0.0284371 0.0156510 0.0219969 0.0188415 
GorGor_chrY_LOC129530236_-_129530236_-_LOC129530236_CDS__reversed_ 0.0350537 0.0350537 0.0383467 0.0383467 0.0383467 0.0383467 0.0383467 0.0383467 0.0383467 0.0383467 0.0416783 0.0544795 0.0544795 0.0544795 0.0544795 0.0544795 0.0284371 0.0000000 0.0124697 0.0062088 0.0093370 
GorGor_chrY_LOC129530237_-_129530237_-_LOC129530237_CDS            0.0285500 0.0285500 0.0318093 0.0318093 0.0318093 0.0318093 0.0318093 0.0318093 0.0318093 0.0318093 0.0351042 0.0445974 0.0445974 0.0445974 0.0445974 0.0445974 0.0156510 0.0124697 0.0000000 0.0062013 0.0030986 
GorGor_chrY_LOC129530294_-_129530294_-_LOC129530294_CDS            0.0285220 0.0285220 0.0317780 0.0317780 0.0317780 0.0317780 0.0317780 0.0317780 0.0317780 0.0317780 0.0350696 0.0478010 0.0478010 0.0478010 0.0478010 0.0478010 0.0219969 0.0062088 0.0062013 0.0000000 0.0030956 
GorGor_chrY_LOC129530295_-_129530295_-_LOC129530295_CDS__reversed_ 0.0253358 0.0253358 0.0285800 0.0285800 0.0285800 0.0285800 0.0285800 0.0285800 0.0285800 0.0285800 0.0318591 0.0445826 0.0445826 0.0445826 0.0445826 0.0445826 0.0188415 0.0093370 0.0030986 0.0030956 0.0000000 
